1779557775880,74 34 35 31 38 30 30 30 30 30 30 30 30 30 30 30 30 30 30 30 30 0D
1779557775885,74 34 35 36 38 30 30 30 30 30 30 30 30 30 30 30 30 30 30 30 30 0D
1779557775903,74 34 35 31 38 30 30 30 30 30 30 30 30 30 30 30 30 30 30 30 30 0D
1779557775910,74 34 35 31 38 30 30 30 30 30 30 30 30 30 30 30 30 30 30 30 30 0D
1779557775917,74 34 35 35 38 30 30 30 30 30 30 30 30 30 30 30 30 30 30 30 30 0D
1779557775931,74 34 35 31 38 30 30 30 30 30 30 30 30 30 30 30 30 30 30 30 30 0D
1779557775937,74 34 35 35 38 30 30 30 30 30 30 30 30 30 30 30 30 30 30 30 30 0D
1779557775956,74 34 35 30 38 30 30 30 30 30 30 30 30 30 30 30 30 30 30 30 30 0D
1779557775962,74 34 35 32 38 30 30 30 30 30 30 30 30 30 30 30 30 30 30 30 30 0D 74 34 35 33 38 30 30 30 30 30 30 30 30 30 30 30 30 30 30 30 30 0D 74 34 35 34 38 30 30 30 30 30 30 30 30 30 30 30 30 30 30 30
1779557775982,74 34 35 31 38 30 30 30 30 30 30 30 30 30 30 30 30 30 30 30 30 0D
1779557775992,74 34 35 31 38 30 30 30 30 30 30 30 30 30 30 30 30 30 30 30 30 0D
1779557775996,74 34 35 36 38 30 30 30 30 30 30 30 30 30 30 30 30 30 30 30 30 0D
1779557776001,74 34 35 37 38 30 30 30 30 30 30 30 30 36 34 31 34 30 30 30 30 0D
1779557776005,74 34 35 39 38 30 30 45 39 41 34 33 35 30 30 30 30 30 30 30 30 0D
1779557776011,74 34 35 31 38 30 30 30 30 30 30 30 30 30 30 30 30 30 30 30 30 0D
1779557776017,74 34 35 36 38 30 30 30 30 30 30 30 30 30 30 30 30 30 30 30 30 0D
1779557776031,74 34 35 31 38 30 30 30 30 30 30 30 30 30 30 30 30 30 30 30 30 0D
1779557776036,74 34 35 35 38 30 30 30 30 30 30 30 30 30 30 30 30 30 30 30 30 0D
1779557776051,74 34 35 30 38 30 30 30 30 30 37 30 30 30 30 30 30 33 45 30 36 0D
1779557776057,74 34 35 31 38 30 30 30 30 30 30 30 30 30 30 30 30 30 30 30 30 0D
1779557776070,74 34 35 31 38 30 30 30 30 30 30 30 30 30 30 30 30 30 30 30 30 0D
1779557776077,74 34 35 35 38 30 30 30 30 30 30 30 30 30 30 30 30 30 30 30 30 0D
1779557776091,74 34 35 31 38 30 30 30 30 30 30 30 30 30 30 30 30 30 30 30 30 0D
1779557776096,74 34 35 35 38 30 30 30 30 30 30 30 30 30 30 30 30 30 30 30 30 0D
1779557776101,74 34 35 37 38 30 30 30 30 30 30 30 30 36 34 31 34 30 30 30 30 0D
1779557776106,74 34 35 39 38 30 30 45 39 41 34 33 35 30 30 30 30 30 30 30 30 0D
1779557776113,74 34 35 31 38 30 30 30 30 30 30 30 30 30 30 30 30 30 30 30 30 0D
1779557776118,74 34 35 36 38 30 30 30 30 30 30 30 30 30 30 30 30 30 30 30 30 0D
1779557776131,74 34 35 31 38 30 30 30 30 30 30 30 30 30 30 30 30 30 30 30 30 0D
1779557776136,74 34 35 35 38 30 30 30 30 30 30 30 30 30 30 30 30 30 30 30 30 0D
1779557776151,74 34 35 30 38 30 30 30 30 30 37 30 30 30 30 30 30 33 45 30 36 0D
1779557776163,74 34 35 31 38 30 30 30 30 30 30 30 30 30 30 30 30 30 30 30 30 0D
1779557776171,74 34 35 31 38 30 30 30 30 30 30 30 30 30 30 30 30 30 30 30 30 0D
1779557776177,74 34 35 35 38 30 30 30 30 30 30 30 30 30 30 30 30 30 30 30 30 0D
1779557776193,74 34 35 31 38 30 30 30 30 30 30 30 30 30 30 30 30 30 30 30 30 0D
1779557776199,74 34 35 35 38 30 30 30 30 30 30 30 30 30 30 30 30 30 30 30 30 0D
1779557776206,74 34 35 37 38 30 30 30 30 30 30 30 30 36 34 31 34 30 30 30 30 0D
1779557776212,74 34 35 31 38 30 30 30 30 30 30 30 30 30 30 30 30 30 30 30 30 0D
1779557776217,74 34 35 35 38 30 30 30 30 30 30 30 30 30 30 30 30 30 30 30 30 0D
1779557776231,74 34 35 31 38 30 30 30 30 30 30 30 30 30 30 30 30 30 30 30 30 0D
1779557776239,74 34 35 35 38 30 30 30 30 30 30 30 30 30 30 30 30 30 30 30 30 0D
1779557776251,74 34 35 30 38 30 30 30 30 30 37 30 30 30 30 30 30 33 45 30 36 0D
1779557776257,74 34 35 31 38 30 30 30 30 30 30 30 30 30 30 30 30 30 30 30 30 0D
1779557776272,74 34 35 31 38 30 30 30 30 30 30 30 30 30 30 30 30 30 30 30 30 0D
1779557776278,74 34 35 35 38 30 30 30 30 30 30 30 30 30 30 30 30 30 30 30 30 0D
1779557776291,74 34 35 31 38 30 30 30 30 30 30 30 30 30 30 30 30 30 30 30 30 0D
1779557776297,74 34 35 35 38 30 30 30 30 30 30 30 30 30 30 30 30 30 30 30 30 0D
1779557776302,74 34 35 37 38 30 30 30 30 30 30 30 30 36 34 31 34 30 30 30 30 0D
1779557776306,74 34 35 39 38 30 30 45 39 41 34 33 35 30 30 30 30 30 30 30 30 0D
1779557776316,74 34 35 31 38 30 30 30 30 30 30 30 30 30 30 30 30 30 30 30 30 0D
1779557776331,74 34 35 31 38 30 30 30 30 30 30 30 30 30 30 30 30 30 30 30 30 0D
1779557776338,74 34 35 35 38 30 30 30 30 30 30 30 30 30 30 30 30 30 30 30 30 0D
1779557776351,74 34 35 30 38 30 30 30 30 30 37 30 30 30 30 30 30 33 45 30 36 0D
1779557776359,74 34 35 31 38 30 30 30 30 30 30 30 30 30 30 30 30 30 30 30 30 0D
1779557776371,74 34 35 31 38 30 30 30 30 30 30 30 30 30 30 30 30 30 30 30 30 0D
1779557776377,74 34 35 35 38 30 30 30 30 30 30 30 30 30 30 30 30 30 30 30 30 0D
1779557776392,74 34 35 31 38 30 30 30 30 30 30 30 30 30 30 30 30 30 30 30 30 0D
1779557776397,74 34 35 35 38 30 30 30 30 30 30 30 30 30 30 30 30 30 30 30 30 0D
1779557776401,74 34 35 37 38 30 30 30 30 30 30 30 30 36 34 31 34 30 30 30 30 0D
1779557776407,74 34 35 39 38 30 30 45 39 41 34 33 35 30 30 30 30 30 30 30 30 0D
1779557776413,74 34 35 31 38 30 30 30 30 30 30 30 30 30 30 30 30 30 30 30 30 0D
1779557776434,74 34 35 31 38 30 30 30 30 30 30 30 30 30 30 30 30 30 30 30 30 0D
1779557776438,74 34 35 35 38 30 30 30 30 30 30 30 30 30 30 30 30 30 30 30 30 0D
1779557776451,74 34 35 30 38 30 30 30 30 30 37 30 30 30 30 30 30 33 45 30 36 0D
1779557776460,74 34 35 31 38 30 30 30 30 30 30 30 30 30 30 30 30 30 30 30 30 0D
1779557776472,74 34 35 31 38 30 30 30 30 30 30 30 30 30 30 30 30 30 30 30 30 0D
1779557776476,74 34 35 35 38 30 30 30 30 30 30 30 30 30 30 30 30 30 30 30 30 0D
1779557776493,74 34 35 31 38 30 30 30 30 30 30 30 30 30 30 30 30 30 30 30 30 0D
1779557776502,74 34 35 37 38 30 30 30 30 30 30 30 30 36 34 31 34 30 30 30 30 0D
1779557776511,74 34 35 31 38 30 30 30 30 30 30 30 30 30 30 30 30 30 30 30 30 0D
1779557776517,74 34 35 35 38 30 30 30 30 30 30 30 30 30 30 30 30 30 30 30 30 0D
1779557776531,74 34 35 31 38 30 30 30 30 30 30 30 30 30 30 30 30 30 30 30 30 0D
1779557776536,74 34 35 35 38 30 30 30 30 30 30 30 30 30 30 30 30 30 30 30 30 0D
1779557776552,74 34 35 30 38 30 30 30 30 30 37 30 30 30 30 30 30 33 45 30 36 0D
1779557776558,74 34 35 31 38 30 30 30 30 30 30 30 30 30 30 30 30 30 30 30 30 0D
1779557776575,74 34 35 31 38 30 30 30 30 30 30 30 30 30 30 30 30 30 30 30 30 0D
1779557776591,74 34 35 31 38 30 30 30 30 30 30 30 30 30 30 30 30 30 30 30 30 0D
1779557776597,74 34 35 35 38 30 30 30 30 30 30 30 30 30 30 30 30 30 30 30 30 0D
1779557776601,74 34 35 37 38 30 30 30 30 30 30 30 30 36 34 31 34 30 30 30 30 0D
1779557776604,74 34 35 39 38 30 30 45 39 41 34 33 35 30 30 30 30 30 30 30 30 0D
1779557776611,74 34 35 31 38 30 30 30 30 30 30 30 30 30 30 30 30 30 30 30 30 0D
1779557776619,74 34 35 35 38 30 30 30 30 30 30 30 30 30 30 30 30 30 30 30 30 0D
1779557776631,74 34 35 31 38 30 30 30 30 30 30 30 30 30 30 30 30 30 30 30 30 0D
1779557776636,74 34 35 35 38 30 30 30 30 30 30 30 30 30 30 30 30 30 30 30 30 0D
1779557776651,74 34 35 30 38 30 30 30 30 30 37 30 30 30 30 30 30 33 45 30 36 0D
1779557776659,74 34 35 31 38 30 30 30 30 30 30 30 30 30 30 30 30 30 30 30 30 0D
1779557776674,74 34 35 31 38 30 30 30 30 30 30 30 30 30 30 30 30 30 30 30 30 0D
1779557776680,74 34 35 36 38 30 30 30 30 30 30 30 30 30 30 30 30 30 30 30 30 0D
1779557776692,74 34 35 31 38 30 30 30 30 30 30 30 30 30 30 30 30 30 30 30 30 0D
1779557776699,74 34 35 35 38 30 30 30 30 30 30 30 30 30 30 30 30 30 30 30 30 0D
1779557776706,74 34 35 37 38 30 30 30 30 30 30 30 30 36 34 31 34 30 30 30 30 0D
1779557776712,74 34 35 31 38 30 30 30 30 30 30 30 30 30 30 30 30 30 30 30 30 0D
1779557776724,74 34 35 35 38 30 30 30 30 30 30 30 30 30 30 30 30 30 30 30 30 0D
1779557776732,74 34 35 31 38 30 30 30 30 30 30 30 30 30 30 30 30 30 30 30 30 0D
1779557776737,74 34 35 35 38 30 30 30 30 30 30 30 30 30 30 30 30 30 30 30 30 0D
1779557776753,74 34 35 30 38 30 30 30 30 30 37 30 30 30 30 30 30 33 45 30 36 0D
1779557776760,74 34 35 31 38 30 30 30 30 30 30 30 30 30 30 30 30 30 30 30 30 0D
1779557776771,74 34 35 31 38 30 30 30 30 30 30 30 30 30 30 30 30 30 30 30 30 0D
1779557776776,74 34 35 35 38 30 30 30 30 30 30 30 30 30 30 30 30 30 30 30 30 0D
1779557776791,74 34 35 31 38 30 30 30 30 30 30 30 30 30 30 30 30 30 30 30 30 0D
1779557776796,74 34 35 35 38 30 30 30 30 30 30 30 30 30 30 30 30 30 30 30 30 0D
1779557776805,74 34 35 37 38 30 30 30 30 30 30 30 30 36 34 31 34 46 46 46 46 0D
1779557776811,74 34 35 31 38 30 30 30 30 30 30 30 30 30 30 30 30 30 30 30 30 0D
1779557776817,74 34 35 35 38 30 30 30 30 30 30 30 30 30 30 30 30 30 30 30 30 0D
1779557776822,74 34 35 36 38 30 30 30 30 30 30 30 30 30 30 30 30 30 30 30 30 0D
1779557776833,74 34 35 31 38 30 30 30 30 30 30 30 30 30 30 30 30 30 30 30 30 0D
1779557776841,74 34 35 35 38 30 30 30 30 30 30 30 30 30 30 30 30 30 30 30 30 0D
1779557776851,74 34 35 30 38 30 30 30 30 30 37 30 30 30 30 30 30 33 45 30 36 0D
1779557776856,74 34 35 31 38 30 30 30 30 30 30 30 30 30 30 30 30 30 30 30 30 0D
1779557776872,74 34 35 31 38 30 30 30 30 30 30 30 30 30 30 30 30 30 30 30 30 0D
1779557776892,74 34 35 31 38 30 30 30 30 30 30 30 30 30 30 30 30 30 30 30 30 0D
1779557776897,74 34 35 35 38 30 30 30 30 30 30 30 30 30 30 30 30 30 30 30 30 0D
1779557776906,74 34 35 37 38 30 30 30 30 30 30 30 30 36 34 31 34 30 30 30 30 0D
1779557776911,74 34 35 31 38 30 30 30 30 30 30 30 30 30 30 30 30 30 30 30 30 0D
1779557776918,74 34 35 35 38 30 30 30 30 30 30 30 30 30 30 30 30 30 30 30 30 0D
1779557776931,74 34 35 31 38 30 30 30 30 30 30 30 30 30 30 30 30 30 30 30 30 0D
1779557776937,74 34 35 35 38 30 30 30 30 30 30 30 30 30 30 30 30 30 30 30 30 0D
1779557776951,74 34 35 30 38 30 30 30 30 30 37 30 30 30 30 30 30 33 45 30 36 0D
1779557776960,74 34 35 31 38 30 30 30 30 30 30 30 30 30 30 30 30 30 30 30 30 0D
1779557776974,74 34 35 31 38 30 30 30 30 30 30 30 30 30 30 30 30 30 30 30 30 0D
1779557776991,74 34 35 31 38 30 30 30 30 30 30 30 30 30 30 30 30 30 30 30 30 0D
1779557776997,74 34 35 35 38 30 30 30 30 30 30 30 30 30 30 30 30 30 30 30 30 0D
1779557777005,74 34 35 37 38 30 30 30 30 30 30 30 30 36 34 31 34 30 30 30 30 0D
1779557777016,74 34 35 31 38 30 30 30 30 30 30 30 30 30 30 30 30 30 30 30 30 0D
1779557777025,74 34 35 35 38 30 30 30 30 30 30 30 30 30 30 30 30 30 30 30 30 0D
1779557777031,74 34 35 31 38 30 30 30 30 30 30 30 30 30 30 30 30 30 30 30 30 0D
1779557777038,74 34 35 35 38 30 30 30 30 30 30 30 30 30 30 30 30 30 30 30 30 0D
1779557777051,74 34 35 30 38 30 30 30 30 30 37 30 30 30 30 30 30 33 45 30 36 0D
1779557777059,74 34 35 31 38 30 30 30 30 30 30 30 30 30 30 30 30 30 30 30 30 0D
1779557777071,74 34 35 31 38 30 30 30 30 30 30 30 30 30 30 30 30 30 30 30 30 0D
1779557777076,74 34 35 35 38 30 30 30 30 30 30 30 30 30 30 30 30 30 30 30 30 0D
1779557777092,74 34 35 31 38 30 30 30 30 30 30 30 30 30 30 30 30 30 30 30 30 0D
1779557777098,74 34 35 35 38 30 30 30 30 30 30 30 30 30 30 30 30 30 30 30 30 0D
1779557777103,74 34 35 37 38 30 30 30 30 30 30 30 30 36 34 31 34 30 30 30 30 0D
1779557777116,74 34 35 31 38 30 30 30 30 30 30 30 30 30 30 30 30 30 30 30 30 0D
1779557777121,74 34 35 35 38 30 30 30 30 30 30 30 30 30 30 30 30 30 30 30 30 0D
1779557777131,74 34 35 31 38 30 30 30 30 30 30 30 30 30 30 30 30 30 30 30 30 0D
1779557777135,74 34 35 35 38 30 30 30 30 30 30 30 30 30 30 30 30 30 30 30 30 0D
1779557777151,74 34 35 30 38 30 30 30 30 30 37 30 30 30 30 30 30 33 45 30 36 0D
1779557777160,74 34 35 31 38 30 30 30 30 30 30 30 30 30 30 30 30 30 30 30 30 0D
1779557777172,74 34 35 31 38 30 30 30 30 30 30 30 30 30 30 30 30 30 30 30 30 0D
1779557777177,74 34 35 35 38 30 30 30 30 30 30 30 30 30 30 30 30 30 30 30 30 0D
1779557777191,74 34 35 31 38 30 30 30 30 30 30 30 30 30 30 30 30 30 30 30 30 0D
1779557777196,74 34 35 35 38 30 30 30 30 30 30 30 30 30 30 30 30 30 30 30 30 0D
1779557777203,74 34 35 37 38 30 30 30 30 30 30 30 30 36 34 31 34 46 46 46 46 0D
1779557777210,74 34 35 31 38 30 30 30 30 30 30 30 30 30 30 30 30 30 30 30 30 0D
1779557777217,74 34 35 35 38 30 30 30 30 30 30 30 30 30 30 30 30 30 30 30 30 0D
1779557777231,74 34 35 31 38 30 30 30 30 30 30 30 30 30 30 30 30 30 30 30 30 0D
1779557777237,74 34 35 35 38 30 30 30 30 30 30 30 30 30 30 30 30 30 30 30 30 0D
1779557777250,74 34 35 30 38 30 30 30 30 30 37 30 30 30 30 30 30 33 45 30 36 0D
1779557777255,74 34 35 31 38 30 30 30 30 30 30 30 30 30 30 30 30 30 30 30 30 0D
1779557777273,74 34 35 31 38 30 30 30 30 30 30 30 30 30 30 30 30 30 30 30 30 0D
1779557777279,74 34 35 36 38 30 30 30 30 30 30 30 30 30 30 30 30 30 30 30 30 0D
1779557777291,74 34 35 31 38 30 30 30 30 30 30 30 30 30 30 30 30 30 30 30 30 0D
1779557777297,74 34 35 35 38 30 30 30 30 30 30 30 30 30 30 30 30 30 30 30 30 0D
1779557777306,74 34 35 37 38 30 30 30 30 30 30 30 30 36 34 31 34 30 30 30 30 0D
1779557777314,74 34 35 31 38 30 30 30 30 30 30 30 30 30 30 30 30 30 30 30 30 0D
1779557777319,74 34 35 35 38 30 30 30 30 30 30 30 30 30 30 30 30 30 30 30 30 0D
1779557777331,74 34 35 31 38 30 30 30 30 30 30 30 30 30 30 30 30 30 30 30 30 0D
1779557777336,74 34 35 35 38 30 30 30 30 30 30 30 30 30 30 30 30 30 30 30 30 0D
1779557777351,74 34 35 30 38 30 30 30 30 30 37 30 30 30 30 30 30 33 45 30 36 0D
1779557777358,74 34 35 31 38 30 30 30 30 30 30 30 30 30 30 30 30 30 30 30 30 0D
1779557777371,74 34 35 31 38 30 30 30 30 30 30 30 30 30 30 30 30 30 30 30 30 0D
1779557777376,74 34 35 35 38 30 30 30 30 30 30 30 30 30 30 30 30 30 30 30 30 0D
1779557777392,74 34 35 31 38 30 30 30 30 30 30 30 30 30 30 30 30 30 30 30 30 0D
1779557777397,74 34 35 35 38 30 30 30 30 30 30 30 30 30 30 30 30 30 30 30 30 0D
1779557777401,74 34 35 37 38 30 30 30 30 30 30 30 30 36 34 31 34 30 30 30 30 0D
1779557777419,74 34 35 31 38 30 30 30 30 30 30 30 30 30 30 30 30 30 30 30 30 0D
1779557777432,74 34 35 31 38 30 30 30 30 30 30 30 30 30 30 30 30 30 30 30 30 0D
1779557777436,74 34 35 35 38 30 30 30 30 30 30 30 30 30 30 30 30 30 30 30 30 0D
1779557777451,74 34 35 30 38 30 30 30 30 30 37 30 30 30 30 30 30 33 45 30 36 0D
1779557777459,74 34 35 31 38 30 30 30 30 30 30 30 30 30 30 30 30 30 30 30 30 0D
1779557777471,74 34 35 31 38 30 30 30 30 30 30 30 30 30 30 30 30 30 30 30 30 0D
1779557777478,74 34 35 35 38 30 30 30 30 30 30 30 30 30 30 30 30 30 30 30 30 0D
1779557777492,74 34 35 31 38 30 30 30 30 30 30 30 30 30 30 30 30 30 30 30 30 0D
1779557777498,74 34 35 35 38 30 30 30 30 30 30 30 30 30 30 30 30 30 30 30 30 0D
1779557777504,74 34 35 37 38 30 30 30 30 30 30 30 30 36 34 31 34 46 46 46 46 0D
1779557777514,74 34 35 31 38 30 30 30 30 30 30 30 30 30 30 30 30 30 30 30 30 0D
1779557777520,74 34 35 35 38 30 30 30 30 30 30 30 30 30 30 30 30 30 30 30 30 0D
1779557777532,74 34 35 31 38 30 30 30 30 30 30 30 30 30 30 30 30 30 30 30 30 0D
1779557777538,74 34 35 35 38 30 30 30 30 30 30 30 30 30 30 30 30 30 30 30 30 0D
1779557777551,74 34 35 30 38 30 30 30 30 30 37 30 30 30 30 30 30 33 45 30 36 0D
1779557777557,74 34 35 31 38 30 30 30 30 30 30 30 30 30 30 30 30 30 30 30 30 0D
1779557777573,74 34 35 31 38 30 30 30 30 30 30 30 30 30 30 30 30 30 30 30 30 0D
1779557777577,74 34 35 36 38 30 30 30 30 30 30 30 30 30 30 30 30 30 30 30 30 0D
1779557777592,74 34 35 31 38 30 30 30 30 30 30 30 30 30 30 30 30 30 30 30 30 0D
1779557777598,74 34 35 35 38 30 30 30 30 30 30 30 30 30 30 30 30 30 30 30 30 0D
1779557777604,74 34 35 37 38 30 30 30 30 30 30 30 30 36 34 31 34 30 30 30 30 0D
1779557777614,74 34 35 31 38 30 30 30 30 30 30 30 30 30 30 30 30 30 30 30 30 0D
1779557777621,74 34 35 35 38 30 30 30 30 30 30 30 30 30 30 30 30 30 30 30 30 0D
1779557777632,74 34 35 31 38 30 30 30 30 30 30 30 30 30 30 30 30 30 30 30 30 0D
1779557777640,74 34 35 35 38 30 30 30 30 30 30 30 30 30 30 30 30 30 30 30 30 0D
1779557777659,74 34 35 30 38 30 30 30 30 30 37 30 30 30 30 30 30 33 45 30 36 0D
1779557777671,74 34 35 31 38 30 30 30 30 30 30 30 30 30 30 30 30 30 30 30 30 0D
1779557777676,74 34 35 35 38 30 30 30 30 30 30 30 30 30 30 30 30 30 30 30 30 0D
1779557777691,74 34 35 31 38 30 30 30 30 30 30 30 30 30 30 30 30 30 30 30 30 0D
1779557777697,74 34 35 35 38 30 30 30 30 30 30 30 30 30 30 30 30 30 30 30 30 0D
1779557777702,74 34 35 37 38 30 30 30 30 30 30 30 30 36 34 31 34 30 30 30 30 0D
1779557777711,74 34 35 31 38 30 30 30 30 30 30 30 30 30 30 30 30 30 30 30 30 0D
1779557777718,74 34 35 35 38 30 30 30 30 30 30 30 30 30 30 30 30 30 30 30 30 0D
1779557777731,74 34 35 31 38 30 30 30 30 30 30 30 30 30 30 30 30 30 30 30 30 0D
1779557777735,74 34 35 35 38 30 30 30 30 30 30 30 30 30 30 30 30 30 30 30 30 0D
1779557777757,74 34 35 30 38 30 30 30 30 30 37 30 30 30 30 30 30 33 45 30 36 0D
1779557777762,74 34 35 34 38 30 31 30 30 30 30 30 30 30 30 30 30 30 30 30 30 0D 74 34 35 35 38 30 30 30 30 30 30 30 30 30 30 30 30 30 30 30 30 0D 74 34 35 36 38 30 30 30 30 30 30 30 30 30 30 30 30 30 30 30
1779557777772,74 34 35 31 38 30 30 30 30 30 30 30 30 30 30 30 30 30 30 30 30 0D
1779557777776,74 34 35 35 38 30 30 30 30 30 30 30 30 30 30 30 30 30 30 30 30 0D
1779557777791,74 34 35 31 38 30 30 30 30 30 30 30 30 30 30 30 30 30 30 30 30 0D
1779557777798,74 34 35 35 38 30 30 30 30 30 30 30 30 30 30 30 30 30 30 30 30 0D
1779557777805,74 34 35 37 38 30 30 30 30 30 30 30 30 36 34 31 34 30 30 30 30 0D
1779557777811,74 34 35 31 38 30 30 30 30 30 30 30 30 30 30 30 30 30 30 30 30 0D
1779557777817,74 34 35 35 38 30 30 30 30 30 30 30 30 30 30 30 30 30 30 30 30 0D
1779557777868,74 34 35 31 38 30 30 30 30 30 30 30 30 30 30 30 30 30 30 30 30 0D
1779557777871,74 34 35 31 38 30 30 30 30 30 30 30 30 30 30 30 30 30 30 30 30 0D
1779557777878,74 34 35 35 38 30 30 30 30 30 30 30 30 30 30 30 30 30 30 30 30 0D
1779557777891,74 34 35 31 38 30 30 30 30 30 30 30 30 30 30 30 30 30 30 30 30 0D
1779557777894,74 34 35 35 38 30 30 30 30 30 30 30 30 30 30 30 30 30 30 30 30 0D
1779557777901,74 34 35 37 38 30 30 30 30 30 30 30 30 36 34 31 34 30 30 30 30 0D
1779557777905,74 34 35 39 38 30 30 45 39 41 34 33 35 30 30 30 30 30 30 30 30 0D
1779557777911,74 34 35 31 38 30 30 30 30 30 30 30 30 30 30 30 30 30 30 30 30 0D
1779557777915,74 34 35 35 38 30 30 30 30 30 30 30 30 30 30 30 30 30 30 30 30 0D
1779557777935,74 34 35 31 38 30 30 30 30 30 30 30 30 30 30 30 30 30 30 30 30 0D
1779557777954,74 34 35 30 38 30 30 30 30 30 37 30 30 30 30 30 30 33 45 30 36 0D
1779557777963,74 34 35 39 38 45 32 41 30 42 45 31 36 42 43 31 34 30 33 42 37 0D
1779557777977,74 34 35 31 38 30 30 30 30 30 30 30 30 30 30 30 30 30 30 30 30 0D
1779557777991,74 34 35 31 38 30 30 30 30 30 30 30 30 30 30 30 30 30 30 30 30 0D
1779557777995,74 34 35 35 38 30 30 30 30 30 30 30 30 30 30 30 30 30 30 30 30 0D
1779557778003,74 34 35 37 38 30 30 30 30 30 30 30 30 36 34 31 34 46 46 46 46 0D
1779557778006,74 34 35 39 38 45 32 41 30 42 45 31 36 42 43 31 34 30 33 42 37 0D
1779557778011,74 34 35 31 38 30 30 30 30 30 30 30 30 30 30 30 30 30 30 30 30 0D
1779557778015,74 34 35 35 38 30 30 30 30 30 30 30 30 30 30 30 30 30 30 30 30 0D
1779557778030,74 34 35 31 38 30 30 30 30 30 30 30 30 30 30 30 30 30 30 30 30 0D
1779557778035,74 34 35 35 38 30 30 30 30 30 30 30 30 30 30 30 30 30 30 30 30 0D
1779557778052,74 34 35 30 38 30 30 30 30 30 37 30 30 30 30 30 30 33 45 30 36 0D
1779557778061,74 34 35 32 38 38 43 30 30 30 30 30 30 30 30 30 30 32 37 30 30 0D 74 34 35 33 38 34 39 30 30 30 30 30 30 30 30 30 30 30 30 30 30 0D 74 34 35 34 38 30 31 30 30 30 30 30 30 30 30 30 30 30 30 30
1779557778072,74 34 35 31 38 30 30 30 30 30 30 30 30 30 30 30 30 30 30 30 30 0D
1779557778076,74 34 35 35 38 30 30 30 30 30 30 30 30 30 30 30 30 30 30 30 30 0D
1779557778091,74 34 35 31 38 30 30 30 30 30 30 30 30 30 30 30 30 30 30 30 30 0D
1779557778096,74 34 35 35 38 30 30 30 30 30 30 30 30 30 30 30 30 30 30 30 30 0D
1779557778102,74 34 35 37 38 30 30 30 30 30 30 30 30 36 34 31 34 30 30 30 30 0D
1779557778104,74 34 35 39 38 45 32 41 30 42 45 31 36 42 43 31 34 30 33 42 37 0D
1779557778111,74 34 35 31 38 30 30 30 30 30 30 30 30 30 30 30 30 30 30 30 30 0D
1779557778116,74 34 35 35 38 30 30 30 30 30 30 30 30 30 30 30 30 30 30 30 30 0D
1779557778131,74 34 35 31 38 30 30 30 30 30 30 30 30 30 30 30 30 30 30 30 30 0D
1779557778137,74 34 35 35 38 30 30 30 30 30 30 30 30 30 30 30 30 30 30 30 30 0D
1779557778153,74 34 35 30 38 30 30 30 30 30 37 30 30 30 30 30 30 33 45 30 36 0D
1779557778161,74 34 35 31 38 30 30 30 30 30 30 30 30 30 30 30 30 30 30 30 30 0D
1779557778171,74 34 35 31 38 30 30 30 30 30 30 30 30 30 30 30 30 30 30 30 30 0D
1779557778176,74 34 35 35 38 30 30 30 30 30 30 30 30 30 30 30 30 30 30 30 30 0D
1779557778191,74 34 35 31 38 30 30 30 30 30 30 30 30 30 30 30 30 30 30 30 30 0D
1779557778199,74 34 35 35 38 30 30 30 30 30 30 30 30 30 30 30 30 30 30 30 30 0D
1779557778205,74 34 35 37 38 30 30 30 30 30 30 30 30 36 34 31 34 30 30 30 30 0D
1779557778211,74 34 35 31 38 30 30 30 30 30 30 30 30 30 30 30 30 30 30 30 30 0D
1779557778217,74 34 35 35 38 30 30 30 30 30 30 30 30 30 30 30 30 30 30 30 30 0D
1779557778231,74 34 35 31 38 30 30 30 30 30 30 30 30 30 30 30 30 30 30 30 30 0D
1779557778237,74 34 35 35 38 30 30 30 30 30 30 30 30 30 30 30 30 30 30 30 30 0D
1779557778256,74 34 35 30 38 30 30 30 30 30 37 30 30 30 30 30 30 33 45 30 36 0D
1779557778261,30 0D 74 34 35 35 38 30 30 30 30 30 30 30 30 30 30 30 30 30 30 30 30 0D 74 34 35 36 38 30 30 30 30 30 30 30 30 30 30 30 30 30 30 30 30 0D 74 34 35 37 38 30 30 30 30 30 30 30 30 36 34 31 34 30
1779557778271,74 34 35 31 38 30 30 30 30 30 30 30 30 30 30 30 30 30 30 30 30 0D
1779557778277,74 34 35 35 38 30 30 30 30 30 30 30 30 30 30 30 30 30 30 30 30 0D
1779557778291,74 34 35 31 38 30 30 30 30 30 30 30 30 30 30 30 30 30 30 30 30 0D
1779557778295,74 34 35 35 38 30 30 30 30 30 30 30 30 30 30 30 30 30 30 30 30 0D
1779557778301,74 34 35 37 38 30 30 30 30 30 30 30 30 36 34 31 34 30 30 30 30 0D
1779557778307,74 34 35 39 38 45 32 41 30 42 45 31 36 42 43 31 34 30 33 42 37 0D
1779557778311,74 34 35 31 38 30 30 30 30 30 30 30 30 30 30 30 30 30 30 30 30 0D
1779557778316,74 34 35 36 38 30 30 30 30 30 30 30 30 30 30 30 30 30 30 30 30 0D
1779557778331,74 34 35 31 38 30 30 30 30 30 30 30 30 30 30 30 30 30 30 30 30 0D
1779557778336,74 34 35 35 38 30 30 30 30 30 30 30 30 30 30 30 30 30 30 30 30 0D
1779557778351,74 34 35 30 38 30 30 30 30 30 37 30 30 30 30 30 30 33 45 30 36 0D
1779557778358,74 34 35 31 38 30 30 30 30 30 30 30 30 30 30 30 30 30 30 30 30 0D
1779557778371,74 34 35 31 38 30 30 30 30 30 30 30 30 30 30 30 30 30 30 30 30 0D
1779557778377,74 34 35 35 38 30 30 30 30 30 30 30 30 30 30 30 30 30 30 30 30 0D
1779557778391,74 34 35 31 38 30 30 30 30 30 30 30 30 30 30 30 30 30 30 30 30 0D
1779557778396,74 34 35 35 38 30 30 30 30 30 30 30 30 30 30 30 30 30 30 30 30 0D
1779557778402,74 34 35 37 38 30 30 30 30 30 30 30 30 36 34 31 34 30 30 30 30 0D
1779557778414,74 34 35 31 38 30 30 30 30 30 30 30 30 30 30 30 30 30 30 30 30 0D
1779557778435,74 34 35 31 38 30 30 30 30 30 30 30 30 30 30 30 30 30 30 30 30 0D
1779557778456,74 34 35 30 38 30 30 30 30 30 37 30 30 30 30 30 30 33 45 30 36 0D
1779557778458,30 30 30 0D 74 34 35 39 38 45 32 41 30 42 45 31 36 42 43 31 34 30 33 42 37 0D
1779557778471,74 34 35 31 38 30 30 30 30 30 30 30 30 30 30 30 30 30 30 30 30 0D
1779557778477,74 34 35 35 38 45 38 46 46 30 37 30 30 41 30 46 46 30 30 30 30 0D
1779557778490,74 34 35 31 38 30 30 30 30 30 30 30 30 30 30 30 30 30 30 30 30 0D
1779557778496,74 34 35 35 38 45 38 46 46 30 37 30 30 41 30 46 46 30 30 30 30 0D
1779557778502,74 34 35 37 38 30 30 30 30 30 30 30 30 36 34 31 34 30 30 30 30 0D
1779557778507,74 34 35 39 38 45 32 41 30 42 45 31 36 42 43 31 34 30 33 42 37 0D
1779557778513,74 34 35 31 38 30 30 30 30 30 30 30 30 30 30 30 30 30 30 30 30 0D
1779557778536,74 34 35 31 38 30 30 30 30 30 30 30 30 30 30 30 30 30 30 30 30 0D
1779557778551,74 34 35 30 38 30 30 30 30 30 37 30 30 30 30 30 30 33 45 30 36 0D
1779557778556,74 34 35 31 38 30 30 30 30 30 30 30 30 30 30 30 30 30 30 30 30 0D
1779557778571,74 34 35 31 38 30 30 30 30 30 30 30 30 30 30 30 30 30 30 30 30 0D
1779557778577,74 34 35 35 38 45 38 46 46 30 37 30 30 41 30 46 46 30 30 30 30 0D
1779557778591,74 34 35 31 38 30 30 30 30 30 30 30 30 30 30 30 30 30 30 30 30 0D
1779557778597,74 34 35 35 38 45 38 46 46 30 37 30 30 41 30 46 46 30 30 30 30 0D
1779557778603,74 34 35 37 38 30 30 30 30 30 30 30 30 36 34 31 34 30 30 30 30 0D
1779557778616,74 34 35 31 38 30 30 30 30 30 30 30 30 30 30 30 30 30 30 30 30 0D
1779557778631,74 34 35 31 38 30 30 30 30 30 30 30 30 30 30 30 30 30 30 30 30 0D
1779557778637,74 34 35 35 38 45 38 46 46 30 37 30 30 41 30 46 46 30 30 30 30 0D
1779557778651,74 34 35 30 38 30 30 30 30 30 37 30 30 30 30 30 30 33 45 30 36 0D
1779557778662,74 34 35 31 38 30 30 30 30 30 30 30 30 30 30 30 30 30 30 30 30 0D
1779557778671,74 34 35 31 38 30 30 30 30 30 30 30 30 30 30 30 30 30 30 30 30 0D
1779557778675,74 34 35 35 38 45 38 46 46 30 37 30 30 39 46 46 46 30 30 30 30 0D
1779557778681,74 34 35 36 38 30 32 30 30 31 45 30 30 31 46 30 30 30 30 30 30 0D
1779557778691,74 34 35 31 38 30 30 30 30 30 30 30 30 30 30 30 30 30 30 30 30 0D
1779557778697,74 34 35 35 38 45 38 46 46 30 37 30 30 39 46 46 46 30 30 30 30 0D
1779557778703,74 34 35 37 38 30 30 30 30 30 30 30 30 36 34 31 34 30 30 30 30 0D
1779557778712,74 34 35 31 38 30 30 30 30 30 30 30 30 30 30 30 30 30 30 30 30 0D
1779557778732,74 34 35 31 38 30 30 30 30 30 30 30 30 30 30 30 30 30 30 30 30 0D
1779557778737,74 34 35 36 38 30 32 30 30 31 45 30 30 31 46 30 30 30 30 30 30 0D
1779557778752,74 34 35 30 38 30 30 30 30 30 37 30 30 30 30 30 30 33 45 30 36 0D
1779557778758,74 34 35 31 38 30 30 30 30 30 30 30 30 30 30 30 30 30 30 30 30 0D
1779557778772,74 34 35 31 38 30 30 30 30 30 30 30 30 30 30 30 30 30 30 30 30 0D
1779557778778,74 34 35 35 38 45 38 46 46 30 37 30 30 39 46 46 46 30 30 30 30 0D
1779557778791,74 34 35 31 38 30 30 30 30 30 30 30 30 30 30 30 30 30 30 30 30 0D
1779557778797,74 34 35 35 38 45 38 46 46 30 37 30 30 39 46 46 46 30 30 30 30 0D
1779557778804,74 34 35 37 38 30 30 30 30 30 30 30 30 36 34 31 34 30 30 30 30 0D
1779557778812,74 34 35 31 38 30 30 30 30 30 30 30 30 30 30 30 30 30 30 30 30 0D
1779557778832,74 34 35 31 38 30 30 30 30 30 30 30 30 30 30 30 30 30 30 30 30 0D
1779557778839,74 34 35 35 38 45 38 46 46 30 37 30 30 39 46 46 46 30 30 30 30 0D
1779557778858,74 34 35 30 38 30 30 30 30 30 37 30 30 30 30 30 30 33 45 30 36 0D
1779557778873,74 34 35 31 38 30 30 30 30 30 30 30 30 30 30 30 30 30 30 30 30 0D
1779557778879,74 34 35 35 38 45 38 46 46 30 37 30 30 39 46 46 46 30 30 30 30 0D
1779557778891,74 34 35 31 38 30 30 30 30 30 30 30 30 30 30 30 30 30 30 30 30 0D
1779557778897,74 34 35 35 38 45 38 46 46 30 37 30 30 39 46 46 46 30 30 30 30 0D
1779557778901,74 34 35 37 38 30 30 30 30 30 30 30 30 36 34 31 34 30 30 30 30 0D
1779557778907,74 34 35 39 38 45 32 41 30 42 45 31 36 42 43 31 34 30 33 42 37 0D
1779557778912,74 34 35 31 38 30 30 30 30 30 30 30 30 30 30 30 30 30 30 30 30 0D
1779557778931,74 34 35 31 38 30 30 30 30 30 30 30 30 30 30 30 30 30 30 30 30 0D
1779557778939,74 34 35 35 38 45 38 46 46 30 37 30 30 39 46 46 46 30 30 30 30 0D
1779557778951,74 34 35 30 38 30 30 30 30 30 37 30 30 30 30 30 30 33 45 30 36 0D
1779557778960,74 34 35 31 38 30 30 30 30 30 30 30 30 30 30 30 30 30 30 30 30 0D
1779557778971,74 34 35 31 38 30 30 30 30 30 30 30 30 30 30 30 30 30 30 30 30 0D
1779557778977,74 34 35 35 38 45 38 46 46 30 37 30 30 39 46 46 46 30 30 30 30 0D
1779557778991,74 34 35 31 38 30 30 30 30 30 30 30 30 30 30 30 30 30 30 30 30 0D
1779557778996,74 34 35 35 38 45 38 46 46 30 37 30 30 39 46 46 46 30 30 30 30 0D
1779557779002,74 34 35 37 38 30 30 30 30 30 30 30 30 36 34 31 34 46 46 46 46 0D
1779557779012,74 34 35 31 38 30 30 30 30 30 30 30 30 30 30 30 30 30 30 30 30 0D
1779557779032,74 34 35 31 38 30 30 30 30 30 30 30 30 30 30 30 30 30 30 30 30 0D
1779557779037,74 34 35 35 38 45 38 46 46 30 37 30 30 39 46 46 46 30 30 30 30 0D
1779557779051,74 34 35 30 38 30 30 30 30 30 37 30 30 30 30 30 30 33 45 30 36 0D
1779557779058,74 34 35 31 38 30 30 30 30 30 30 30 30 30 30 30 30 30 30 30 30 0D
1779557779071,74 34 35 31 38 30 30 30 30 30 30 30 30 30 30 30 30 30 30 30 30 0D
1779557779076,74 34 35 35 38 45 38 46 46 30 37 30 30 39 46 46 46 30 30 30 30 0D
1779557779091,74 34 35 31 38 30 30 30 30 30 30 30 30 30 30 30 30 30 30 30 30 0D
1779557779096,74 34 35 35 38 45 38 46 46 30 37 30 30 39 46 46 46 30 30 30 30 0D
1779557779102,74 34 35 37 38 30 30 30 30 30 30 30 30 36 34 31 34 30 30 30 30 0D
1779557779112,74 34 35 31 38 30 30 30 30 30 30 30 30 30 30 30 30 30 30 30 30 0D
1779557779131,74 34 35 31 38 30 30 30 30 30 30 30 30 30 30 30 30 30 30 30 30 0D
1779557779136,74 34 35 36 38 46 41 46 46 30 36 30 30 30 32 30 30 30 30 30 30 0D
1779557779151,74 34 35 30 38 30 30 30 30 30 37 30 30 30 30 30 30 33 45 30 36 0D
1779557779157,74 34 35 31 38 30 30 30 30 30 30 30 30 30 30 30 30 30 30 30 30 0D
1779557779171,74 34 35 31 38 30 30 30 30 30 30 30 30 30 30 30 30 30 30 30 30 0D
1779557779178,74 34 35 35 38 45 38 46 46 30 37 30 30 39 46 46 46 30 30 30 30 0D
1779557779190,74 34 35 31 38 30 30 30 30 30 30 30 30 30 30 30 30 30 30 30 30 0D
1779557779196,74 34 35 35 38 45 38 46 46 30 37 30 30 39 46 46 46 30 30 30 30 0D
1779557779201,74 34 35 37 38 30 30 30 30 30 30 30 30 36 34 31 34 30 30 30 30 0D
1779557779203,74 34 35 39 38 45 32 41 30 42 45 31 36 42 43 31 34 30 33 42 37 0D
1779557779214,74 34 35 31 38 30 30 30 30 30 30 30 30 30 30 30 30 30 30 30 30 0D
1779557779232,74 34 35 31 38 30 30 30 30 30 30 30 30 30 30 30 30 30 30 30 30 0D
1779557779238,74 34 35 35 38 45 38 46 46 30 37 30 30 39 46 46 46 30 30 30 30 0D
1779557779251,74 34 35 30 38 30 30 30 30 30 37 30 30 30 30 30 30 33 45 30 36 0D
1779557779260,74 34 35 31 38 30 30 30 30 30 30 30 30 30 30 30 30 30 30 30 30 0D
1779557779271,74 34 35 31 38 30 30 30 30 30 30 30 30 30 30 30 30 30 30 30 30 0D
1779557779278,74 34 35 35 38 45 39 46 46 30 38 30 30 39 46 46 46 30 30 30 30 0D
1779557779294,74 34 35 31 38 30 30 30 30 30 30 30 30 30 30 30 30 30 30 30 30 0D
1779557779297,74 34 35 35 38 45 39 46 46 30 38 30 30 39 46 46 46 30 30 30 30 0D
1779557779301,74 34 35 37 38 30 30 30 30 30 30 30 30 36 34 31 34 30 30 30 30 0D
1779557779307,74 34 35 39 38 45 32 41 30 42 45 31 36 42 43 31 34 30 33 42 37 0D
1779557779312,74 34 35 31 38 30 30 30 30 30 30 30 30 30 30 30 30 30 30 30 30 0D
1779557779318,74 34 35 35 38 45 39 46 46 30 38 30 30 39 46 46 46 30 30 30 30 0D
1779557779331,74 34 35 31 38 30 30 30 30 30 30 30 30 30 30 30 30 30 30 30 30 0D
1779557779336,74 34 35 35 38 45 39 46 46 30 38 30 30 39 46 46 46 30 30 30 30 0D
1779557779352,74 34 35 30 38 30 30 30 30 30 37 30 30 30 30 30 30 33 45 30 36 0D
1779557779360,74 34 35 31 38 30 30 30 30 30 30 30 30 30 30 30 30 30 30 30 30 0D
1779557779371,74 34 35 31 38 30 30 30 30 30 30 30 30 30 30 30 30 30 30 30 30 0D
1779557779376,74 34 35 35 38 45 39 46 46 30 38 30 30 39 46 46 46 30 30 30 30 0D
1779557779392,74 34 35 31 38 30 30 30 30 30 30 30 30 30 30 30 30 30 30 30 30 0D
1779557779397,74 34 35 35 38 45 39 46 46 30 38 30 30 39 46 46 46 30 30 30 30 0D
1779557779401,74 34 35 37 38 30 30 30 30 30 30 30 30 36 34 31 34 30 30 30 30 0D
1779557779409,74 34 35 39 38 45 32 41 30 42 45 31 36 42 43 31 34 30 33 42 37 0D
1779557779415,74 34 35 31 38 30 30 30 30 30 30 30 30 30 30 30 30 30 30 30 30 0D
1779557779431,74 34 35 31 38 30 30 30 30 30 30 30 30 30 30 30 30 30 30 30 30 0D
1779557779439,74 34 35 35 38 45 39 46 46 30 38 30 30 39 46 46 46 30 30 30 30 0D
1779557779454,74 34 35 30 38 30 30 30 30 30 37 30 30 30 30 30 30 33 45 30 36 0D
1779557779459,74 34 35 31 38 30 30 30 30 30 30 30 30 30 30 30 30 30 30 30 30 0D
1779557779474,74 34 35 31 38 30 30 30 30 30 30 30 30 30 30 30 30 30 30 30 30 0D
1779557779480,74 34 35 35 38 45 39 46 46 30 37 30 30 39 46 46 46 30 30 30 30 0D
1779557779501,74 34 35 31 38 30 30 30 30 30 30 30 30 30 30 30 30 30 30 30 30 0D
1779557779505,74 34 35 37 38 30 30 30 30 30 30 30 30 36 34 31 34 30 30 30 30 0D
1779557779512,74 34 35 31 38 30 30 30 30 30 30 30 30 30 30 30 30 30 30 30 30 0D
1779557779518,74 34 35 35 38 45 39 46 46 30 37 30 30 39 46 46 46 30 30 30 30 0D
1779557779531,74 34 35 31 38 30 30 30 30 30 30 30 30 30 30 30 30 30 30 30 30 0D
1779557779536,74 34 35 35 38 45 39 46 46 30 37 30 30 39 46 46 46 30 30 30 30 0D
1779557779556,74 34 35 30 38 30 30 30 30 30 37 30 30 30 30 30 30 33 45 30 36 0D
1779557779561,74 34 35 31 38 30 30 30 30 30 30 30 30 30 30 30 30 30 30 30 30 0D
1779557779571,74 34 35 31 38 30 30 30 30 30 30 30 30 30 30 30 30 30 30 30 30 0D
1779557779577,74 34 35 35 38 45 39 46 46 30 37 30 30 39 46 46 46 30 30 30 30 0D
1779557779592,74 34 35 31 38 30 30 30 30 30 30 30 30 30 30 30 30 30 30 30 30 0D
1779557779597,74 34 35 35 38 45 39 46 46 30 37 30 30 39 46 46 46 30 30 30 30 0D
1779557779605,74 34 35 37 38 30 30 30 30 30 30 30 30 36 34 31 34 30 30 30 30 0D
1779557779621,74 34 35 39 38 31 30 39 42 42 45 31 36 30 38 30 33 30 33 42 37 0D
1779557779632,74 34 35 31 38 30 30 30 30 30 30 30 30 30 30 30 30 30 30 30 30 0D
1779557779638,74 34 35 35 38 45 39 46 46 30 37 30 30 39 46 46 46 30 30 30 30 0D
1779557779651,74 34 35 30 38 30 30 30 30 30 37 30 30 30 30 30 30 33 45 30 36 0D
1779557779657,74 34 35 31 38 30 30 30 30 30 30 30 30 30 30 30 30 30 30 30 30 0D
1779557779671,74 34 35 31 38 30 30 30 30 30 30 30 30 30 30 30 30 30 30 30 30 0D
1779557779677,74 34 35 35 38 45 39 46 46 30 37 30 30 39 46 46 46 30 30 30 30 0D
1779557779695,74 34 35 31 38 30 30 30 30 30 30 30 30 30 30 30 30 30 30 30 30 0D
1779557779699,74 34 35 35 38 45 39 46 46 30 37 30 30 39 46 46 46 30 30 30 30 0D
1779557779701,74 34 35 37 38 30 30 30 30 30 30 30 30 36 34 31 34 30 30 30 30 0D
1779557779707,74 34 35 39 38 36 36 39 42 42 45 31 36 30 37 30 34 30 33 42 37 0D
1779557779713,74 34 35 31 38 30 30 30 30 30 30 30 30 30 30 30 30 30 30 30 30 0D
1779557779732,74 34 35 31 38 30 30 30 30 30 30 30 30 30 30 30 30 30 30 30 30 0D
1779557779738,74 34 35 35 38 45 39 46 46 30 37 30 30 39 46 46 46 30 30 30 30 0D
1779557779756,74 34 35 30 38 30 30 30 30 30 37 30 30 30 30 30 30 33 45 30 36 0D
1779557779766,74 34 35 31 38 30 30 30 30 30 30 30 30 30 30 30 30 30 30 30 30 0D
1779557779772,74 34 35 31 38 30 30 30 30 30 30 30 30 30 30 30 30 30 30 30 30 0D
1779557779791,74 34 35 31 38 30 30 30 30 30 30 30 30 30 30 30 30 30 30 30 30 0D
1779557779797,74 34 35 35 38 45 39 46 46 30 37 30 30 39 46 46 46 30 30 30 30 0D
1779557779801,74 34 35 37 38 30 30 30 30 30 30 30 30 36 34 31 34 30 30 30 30 0D
1779557779807,74 34 35 39 38 45 39 39 43 42 45 31 36 31 34 30 36 30 33 42 37 0D
1779557779812,74 34 35 31 38 30 30 30 30 30 30 30 30 30 30 30 30 30 30 30 30 0D
1779557779832,74 34 35 31 38 30 30 30 30 30 30 30 30 30 30 30 30 30 30 30 30 0D
1779557779837,74 34 35 35 38 45 39 46 46 30 37 30 30 39 46 46 46 30 30 30 30 0D
1779557779854,74 34 35 30 38 30 30 30 30 30 37 30 30 30 30 30 30 33 45 30 36 0D
1779557779858,74 34 35 31 38 30 30 30 30 30 30 30 30 30 30 30 30 30 30 30 30 0D
1779557779871,74 34 35 31 38 30 30 30 30 30 30 30 30 30 30 30 30 30 30 30 30 0D
1779557779876,74 34 35 35 38 45 38 46 46 30 37 30 30 41 30 46 46 30 30 30 30 0D
1779557779891,74 34 35 31 38 30 30 30 30 30 30 30 30 30 30 30 30 30 30 30 30 0D
1779557779898,74 34 35 35 38 45 38 46 46 30 37 30 30 41 30 46 46 30 30 30 30 0D
1779557779902,74 34 35 37 38 30 30 30 30 30 30 30 30 36 34 31 34 30 30 30 30 0D
1779557779910,74 34 35 39 38 46 39 39 44 42 45 31 36 39 38 30 36 30 33 42 37 0D
1779557779913,74 34 35 31 38 30 30 30 30 30 30 30 30 30 30 30 30 30 30 30 30 0D
1779557779931,74 34 35 31 38 30 30 30 30 30 30 30 30 30 30 30 30 30 30 30 30 0D
1779557779937,74 34 35 35 38 45 38 46 46 30 37 30 30 41 30 46 46 30 30 30 30 0D
1779557779951,74 34 35 30 38 30 30 30 30 30 37 30 30 30 30 30 30 33 45 30 36 0D
1779557779959,74 34 35 31 38 30 30 30 30 30 30 30 30 30 30 30 30 30 30 30 30 0D
1779557779972,74 34 35 31 38 30 30 30 30 30 30 30 30 30 30 30 30 30 30 30 30 0D
