1779554347898,74 34 35 31 38 30 30 30 30 30 30 30 30 30 30 30 30 30 30 30 30 0D
1779554347921,74 34 35 35 38 30 30 30 30 30 30 30 30 30 30 30 30 30 30 30 30 0D
1779554347944,74 34 35 37 38 30 30 30 30 30 30 30 30 30 30 30 30 30 30 30 30 0D
1779554347961,74 34 35 31 38 30 30 30 30 30 30 30 30 30 30 30 30 30 30 30 30 0D
1779554347973,74 34 35 30 38 30 30 30 30 30 30 30 30 30 30 30 30 30 30 30 30 0D
1779554347983,74 34 35 34 38 30 30 30 30 30 30 30 30 30 30 30 30 30 30 30 30 0D 74 34 35 35 38 30 30 30 30 30 30 30 30 30 30 30 30 30 30 30 30 0D
1779554347995,74 34 35 31 38 30 30 30 30 30 30 30 30 30 30 30 30 30 30 30 30 0D
1779554348000,74 34 35 36 38 30 30 30 30 30 30 30 30 30 30 30 30 30 30 30 30 0D
1779554348013,74 34 35 31 38 30 30 30 30 30 30 30 30 30 30 30 30 30 30 30 30 0D
1779554348019,74 34 35 35 38 30 30 30 30 30 30 30 30 30 30 30 30 30 30 30 30 0D
1779554348022,74 34 35 37 38 30 31 30 30 30 30 30 30 36 34 31 34 46 46 46 46 0D
1779554348027,74 34 35 39 38 30 30 45 39 41 34 33 35 30 30 30 30 30 30 30 30 0D
1779554348039,74 34 35 31 38 30 30 30 30 30 30 30 30 30 30 30 30 30 30 30 30 0D
1779554348054,74 34 35 31 38 30 30 30 30 30 30 30 30 30 30 30 30 30 30 30 30 0D
1779554348060,74 34 35 35 38 30 30 30 30 30 30 30 30 30 30 30 30 30 30 30 30 0D
1779554348072,74 34 35 30 38 30 30 30 30 30 37 30 30 30 30 30 30 39 34 30 37 0D
1779554348077,74 34 35 31 38 30 30 30 30 30 30 30 30 30 30 30 30 30 30 30 30 0D
1779554348095,74 34 35 31 38 30 30 30 30 30 30 30 30 30 30 30 30 30 30 30 30 0D
1779554348099,74 34 35 36 38 30 30 30 30 30 30 30 30 30 30 30 30 30 30 30 30 0D
1779554348113,74 34 35 31 38 30 30 30 30 30 30 30 30 30 30 30 30 30 30 30 30 0D
1779554348122,74 34 35 37 38 30 31 30 30 30 30 30 30 36 34 31 34 46 46 46 46 0D
1779554348129,74 34 35 39 38 30 30 45 39 41 34 33 35 30 30 30 30 30 30 30 30 0D
1779554348138,74 34 35 31 38 30 30 30 30 30 30 30 30 30 30 30 30 30 30 30 30 0D
1779554348152,74 34 35 31 38 30 30 30 30 30 30 30 30 30 30 30 30 30 30 30 30 0D
1779554348158,74 34 35 35 38 30 30 30 30 30 30 30 30 30 30 30 30 30 30 30 30 0D
1779554348172,74 34 35 30 38 30 30 30 30 30 37 30 30 30 30 30 30 39 34 30 37 0D
1779554348178,74 34 35 31 38 30 30 30 30 30 30 30 30 30 30 30 30 30 30 30 30 0D
1779554348193,74 34 35 31 38 30 30 30 30 30 30 30 30 30 30 30 30 30 30 30 30 0D
1779554348199,74 34 35 36 38 30 30 30 30 30 30 30 30 30 30 30 30 30 30 30 30 0D
1779554348213,74 34 35 31 38 30 30 30 30 30 30 30 30 30 30 30 30 30 30 30 30 0D
1779554348217,74 34 35 35 38 30 30 30 30 30 30 30 30 30 30 30 30 30 30 30 30 0D
1779554348222,74 34 35 37 38 30 30 30 30 30 30 30 30 36 34 31 34 30 30 30 30 0D
1779554348229,74 34 35 39 38 30 30 45 39 41 34 33 35 30 30 30 30 30 30 30 30 0D
1779554348238,74 34 35 31 38 30 30 30 30 30 30 30 30 30 30 30 30 30 30 30 30 0D
1779554348253,74 34 35 31 38 30 30 30 30 30 30 30 30 30 30 30 30 30 30 30 30 0D
1779554348258,74 34 35 36 38 30 30 30 30 30 30 30 30 30 30 30 30 30 30 30 30 0D
1779554348274,74 34 35 30 38 30 30 30 30 30 37 30 30 30 30 30 30 39 34 30 37 0D
1779554348280,74 34 35 32 38 38 43 30 30 30 30 30 30 30 30 30 30 32 37 30 30 0D 74 34 35 33 38 33 35 30 30 30 30 30 30 30 30 30 30 30 30 30 30 0D 74 34 35 34 38 30 31 30 30 30 30 30 30 30 30 30 30 30 30 30
1779554348292,74 34 35 31 38 30 30 30 30 30 30 30 30 30 30 30 30 30 30 30 30 0D
1779554348298,74 34 35 35 38 30 30 30 30 30 30 30 30 30 30 30 30 30 30 30 30 0D
1779554348312,74 34 35 31 38 30 30 30 30 30 30 30 30 30 30 30 30 30 30 30 30 0D
1779554348317,74 34 35 35 38 30 30 30 30 30 30 30 30 30 30 30 30 30 30 30 30 0D
1779554348322,74 34 35 37 38 30 30 30 30 30 30 30 30 36 34 31 34 46 46 46 46 0D
1779554348328,74 34 35 39 38 30 30 45 39 41 34 33 35 30 30 30 30 30 30 30 30 0D
1779554348334,74 34 35 31 38 30 30 30 30 30 30 30 30 30 30 30 30 30 30 30 30 0D
1779554348353,74 34 35 31 38 30 30 30 30 30 30 30 30 30 30 30 30 30 30 30 30 0D
1779554348356,74 34 35 35 38 30 30 30 30 30 30 30 30 30 30 30 30 30 30 30 30 0D
1779554348374,74 34 35 30 38 30 30 30 30 30 37 30 30 30 30 30 30 39 34 30 37 0D
1779554348380,74 34 35 31 38 30 30 30 30 30 30 30 30 30 30 30 30 30 30 30 30 0D
1779554348393,74 34 35 31 38 30 30 30 30 30 30 30 30 30 30 30 30 30 30 30 30 0D
1779554348398,74 34 35 35 38 30 30 30 30 30 30 30 30 30 30 30 30 30 30 30 30 0D
1779554348420,74 34 35 31 38 30 30 30 30 30 30 30 30 30 30 30 30 30 30 30 30 0D
1779554348423,74 34 35 37 38 30 30 30 30 30 30 30 30 36 34 31 34 46 46 46 46 0D
1779554348427,74 34 35 39 38 30 30 45 39 41 34 33 35 30 30 30 30 30 30 30 30 0D
1779554348434,74 34 35 31 38 30 30 30 30 30 30 30 30 30 30 30 30 30 30 30 30 0D
1779554348452,74 34 35 31 38 30 30 30 30 30 30 30 30 30 30 30 30 30 30 30 30 0D
1779554348455,74 34 35 35 38 30 30 30 30 30 30 30 30 30 30 30 30 30 30 30 30 0D
1779554348473,74 34 35 30 38 30 30 30 30 30 37 30 30 30 30 30 30 39 34 30 37 0D
1779554348482,74 34 35 31 38 30 30 30 30 30 30 30 30 30 30 30 30 30 30 30 30 0D
1779554348492,74 34 35 31 38 30 30 30 30 30 30 30 30 30 30 30 30 30 30 30 30 0D
1779554348499,74 34 35 35 38 30 30 30 30 30 30 30 30 30 30 30 30 30 30 30 30 0D
1779554348520,74 34 35 31 38 30 30 30 30 30 30 30 30 30 30 30 30 30 30 30 30 0D
1779554348525,74 34 35 37 38 30 30 30 30 30 30 30 30 36 34 31 34 46 46 46 46 0D
1779554348532,74 34 35 31 38 30 30 30 30 30 30 30 30 30 30 30 30 30 30 30 30 0D
1779554348539,74 34 35 35 38 30 30 30 30 30 30 30 30 30 30 30 30 30 30 30 30 0D
1779554348552,74 34 35 31 38 30 30 30 30 30 30 30 30 30 30 30 30 30 30 30 30 0D
1779554348555,74 34 35 35 38 30 30 30 30 30 30 30 30 30 30 30 30 30 30 30 30 0D
1779554348572,74 34 35 30 38 30 30 30 30 30 37 30 30 30 30 30 30 39 34 30 37 0D
1779554348580,74 34 35 31 38 30 30 30 30 30 30 30 30 30 30 30 30 30 30 30 30 0D
1779554348594,74 34 35 31 38 30 30 30 30 30 30 30 30 30 30 30 30 30 30 30 30 0D
1779554348600,74 34 35 35 38 30 30 30 30 30 30 30 30 30 30 30 30 30 30 30 30 0D
1779554348617,74 34 35 31 38 30 30 30 30 30 30 30 30 30 30 30 30 30 30 30 30 0D
1779554348622,74 34 35 37 38 30 30 30 30 30 30 30 30 36 34 31 34 46 46 46 46 0D
1779554348626,74 34 35 39 38 30 30 45 39 41 34 33 35 30 30 30 30 30 30 30 30 0D
1779554348633,74 34 35 31 38 30 30 30 30 30 30 30 30 30 30 30 30 30 30 30 30 0D
1779554348653,74 34 35 31 38 30 30 30 30 30 30 30 30 30 30 30 30 30 30 30 30 0D
1779554348660,74 34 35 35 38 30 30 30 30 30 30 30 30 30 30 30 30 30 30 30 30 0D
1779554348672,74 34 35 30 38 30 30 30 30 30 37 30 30 30 30 30 30 39 34 30 37 0D
1779554348681,74 34 35 31 38 30 30 30 30 30 30 30 30 30 30 30 30 30 30 30 30 0D
1779554348692,74 34 35 31 38 30 30 30 30 30 30 30 30 30 30 30 30 30 30 30 30 0D
1779554348699,74 34 35 35 38 30 30 30 30 30 30 30 30 30 30 30 30 30 30 30 30 0D
1779554348718,74 34 35 31 38 30 30 30 30 30 30 30 30 30 30 30 30 30 30 30 30 0D
1779554348729,74 34 35 37 38 30 30 30 30 30 30 30 30 36 34 31 34 30 30 30 30 0D
1779554348737,74 34 35 31 38 30 30 30 30 30 30 30 30 30 30 30 30 30 30 30 30 0D
1779554348752,74 34 35 31 38 30 30 30 30 30 30 30 30 30 30 30 30 30 30 30 30 0D
1779554348758,74 34 35 35 38 30 30 30 30 30 30 30 30 30 30 30 30 30 30 30 30 0D
1779554348773,74 34 35 30 38 30 30 30 30 30 37 30 30 30 30 30 30 39 34 30 37 0D
1779554348778,74 34 35 31 38 30 30 30 30 30 30 30 30 30 30 30 30 30 30 30 30 0D
1779554348793,74 34 35 31 38 30 30 30 30 30 30 30 30 30 30 30 30 30 30 30 30 0D
1779554348797,74 34 35 35 38 30 30 30 30 30 30 30 30 30 30 30 30 30 30 30 30 0D
1779554348817,74 34 35 31 38 30 30 30 30 30 30 30 30 30 30 30 30 30 30 30 30 0D
1779554348822,74 34 35 37 38 30 30 30 30 30 30 30 30 36 34 31 34 46 46 46 46 0D
1779554348828,74 34 35 39 38 30 30 45 39 41 34 33 35 30 30 30 30 30 30 30 30 0D
1779554348833,74 34 35 31 38 30 30 30 30 30 30 30 30 30 30 30 30 30 30 30 30 0D
1779554348840,74 34 35 35 38 30 30 30 30 30 30 30 30 30 30 30 30 30 30 30 30 0D
1779554348852,74 34 35 31 38 30 30 30 30 30 30 30 30 30 30 30 30 30 30 30 30 0D
1779554348855,74 34 35 35 38 30 30 30 30 30 30 30 30 30 30 30 30 30 30 30 30 0D
1779554348858,74 34 35 36 38 30 30 30 30 30 30 30 30 30 30 30 30 30 30 30 30 0D
1779554348878,74 34 35 30 38 30 30 30 30 30 37 30 30 30 30 30 30 39 34 30 37 0D
1779554348883,74 34 35 31 38 30 30 30 30 30 30 30 30 30 30 30 30 30 30 30 30 0D
1779554348892,74 34 35 31 38 30 30 30 30 30 30 30 30 30 30 30 30 30 30 30 30 0D
1779554348897,74 34 35 35 38 30 30 30 30 30 30 30 30 30 30 30 30 30 30 30 30 0D
1779554348914,74 34 35 31 38 30 30 30 30 30 30 30 30 30 30 30 30 30 30 30 30 0D
1779554348922,74 34 35 37 38 30 30 30 30 30 30 30 30 36 34 31 34 46 46 46 46 0D
1779554348925,74 34 35 39 38 30 30 45 39 41 34 33 35 30 30 30 30 30 30 30 30 0D
1779554348934,74 34 35 31 38 30 30 30 30 30 30 30 30 30 30 30 30 30 30 30 30 0D
1779554348942,74 34 35 35 38 30 30 30 30 30 30 30 30 30 30 30 30 30 30 30 30 0D
1779554348955,74 34 35 31 38 30 30 30 30 30 30 30 30 30 30 30 30 30 30 30 30 0D
1779554348960,74 34 35 35 38 30 30 30 30 30 30 30 30 30 30 30 30 30 30 30 30 0D
1779554348976,74 34 35 30 38 30 30 30 30 30 37 30 30 30 30 30 30 39 34 30 37 0D
1779554348984,74 34 35 31 38 30 30 30 30 30 30 30 30 30 30 30 30 30 30 30 30 0D
1779554348998,74 34 35 31 38 30 30 30 30 30 30 30 30 30 30 30 30 30 30 30 30 0D
1779554349013,74 34 35 31 38 30 30 30 30 30 30 30 30 30 30 30 30 30 30 30 30 0D
1779554349022,74 34 35 37 38 30 30 30 30 30 30 30 30 36 34 31 34 46 46 46 46 0D
1779554349027,74 34 35 39 38 30 30 45 39 41 34 33 35 30 30 30 30 30 30 30 30 0D
1779554349033,74 34 35 31 38 30 30 30 30 30 30 30 30 30 30 30 30 30 30 30 30 0D
1779554349052,74 34 35 31 38 30 30 30 30 30 30 30 30 30 30 30 30 30 30 30 30 0D
1779554349059,74 34 35 35 38 30 30 30 30 30 30 30 30 30 30 30 30 30 30 30 30 0D
1779554349073,74 34 35 30 38 30 30 30 30 30 37 30 30 30 30 30 30 39 34 30 37 0D
1779554349081,74 34 35 31 38 30 30 30 30 30 30 30 30 30 30 30 30 30 30 30 30 0D
1779554349092,74 34 35 31 38 30 30 30 30 30 30 30 30 30 30 30 30 30 30 30 30 0D
1779554349098,74 34 35 35 38 30 30 30 30 30 30 30 30 30 30 30 30 30 30 30 30 0D
1779554349113,74 34 35 31 38 30 30 30 30 30 30 30 30 30 30 30 30 30 30 30 30 0D
1779554349119,74 34 35 36 38 30 30 30 30 30 30 30 30 30 30 30 30 30 30 30 30 0D
1779554349122,74 34 35 37 38 30 30 30 30 30 30 30 30 36 34 31 34 46 46 46 46 0D
1779554349127,74 34 35 39 38 30 30 45 39 41 34 33 35 30 30 30 30 30 30 30 30 0D
1779554349134,74 34 35 31 38 30 30 30 30 30 30 30 30 30 30 30 30 30 30 30 30 0D
1779554349152,74 34 35 31 38 30 30 30 30 30 30 30 30 30 30 30 30 30 30 30 30 0D
1779554349157,74 34 35 35 38 30 30 30 30 30 30 30 30 30 30 30 30 30 30 30 30 0D
1779554349172,74 34 35 30 38 30 30 30 30 30 37 30 30 30 30 30 30 39 34 30 37 0D
1779554349176,74 34 35 31 38 30 30 30 30 30 30 30 30 30 30 30 30 30 30 30 30 0D
1779554349193,74 34 35 31 38 30 30 30 30 30 30 30 30 30 30 30 30 30 30 30 30 0D
1779554349199,74 34 35 35 38 30 30 30 30 30 30 30 30 30 30 30 30 30 30 30 30 0D
1779554349213,74 34 35 31 38 30 30 30 30 30 30 30 30 30 30 30 30 30 30 30 30 0D
1779554349216,74 34 35 36 38 30 30 30 30 30 30 30 30 30 30 30 30 30 30 30 30 0D
1779554349222,74 34 35 37 38 30 30 30 30 30 30 30 30 36 34 31 34 46 46 46 46 0D
1779554349236,74 34 35 31 38 30 30 30 30 30 30 30 30 30 30 30 30 30 30 30 30 0D
1779554349255,74 34 35 31 38 30 30 30 30 30 30 30 30 30 30 30 30 30 30 30 30 0D
1779554349261,74 34 35 35 38 30 30 30 30 30 30 30 30 30 30 30 30 30 30 30 30 0D
1779554349273,74 34 35 30 38 30 30 30 30 30 37 30 30 30 30 30 30 39 34 30 37 0D
1779554349278,74 34 35 31 38 30 30 30 30 30 30 30 30 30 30 30 30 30 30 30 30 0D
1779554349299,74 34 35 31 38 30 30 30 30 30 30 30 30 30 30 30 30 30 30 30 30 0D
1779554349312,74 34 35 31 38 30 30 30 30 30 30 30 30 30 30 30 30 30 30 30 30 0D
1779554349317,74 34 35 35 38 30 30 30 30 30 30 30 30 30 30 30 30 30 30 30 30 0D
1779554349327,74 34 35 37 38 30 30 30 30 30 30 30 30 36 34 31 34 46 46 46 46 0D
1779554349334,74 34 35 31 38 30 30 30 30 30 30 30 30 30 30 30 30 30 30 30 30 0D
1779554349340,74 34 35 36 38 30 30 30 30 30 30 30 30 30 30 30 30 30 30 30 30 0D
1779554349353,74 34 35 31 38 30 30 30 30 30 30 30 30 30 30 30 30 30 30 30 30 0D
1779554349357,74 34 35 35 38 30 30 30 30 30 30 30 30 30 30 30 30 30 30 30 30 0D
1779554349372,74 34 35 30 38 30 30 30 30 30 37 30 30 30 30 30 30 39 34 30 37 0D
1779554349381,74 34 35 31 38 30 30 30 30 30 30 30 30 30 30 30 30 30 30 30 30 0D
1779554349394,74 34 35 31 38 30 30 30 30 30 30 30 30 30 30 30 30 30 30 30 30 0D
1779554349412,74 34 35 31 38 30 30 30 30 30 30 30 30 30 30 30 30 30 30 30 30 0D
1779554349418,74 34 35 35 38 30 30 30 30 30 30 30 30 30 30 30 30 30 30 30 30 0D
1779554349428,74 34 35 37 38 30 30 30 30 30 30 30 30 36 34 31 34 46 46 46 46 0D
1779554349433,74 34 35 31 38 30 30 30 30 30 30 30 30 30 30 30 30 30 30 30 30 0D
1779554349437,74 34 35 35 38 30 30 30 30 30 30 30 30 30 30 30 30 30 30 30 30 0D
1779554349452,74 34 35 31 38 30 30 30 30 30 30 30 30 30 30 30 30 30 30 30 30 0D
1779554349458,74 34 35 35 38 30 30 30 30 30 30 30 30 30 30 30 30 30 30 30 30 0D
1779554349474,74 34 35 30 38 30 30 30 30 30 37 30 30 30 30 30 30 39 34 30 37 0D
1779554349482,74 34 35 31 38 30 30 30 30 30 30 30 30 30 30 30 30 30 30 30 30 0D
1779554349496,74 34 35 31 38 30 30 30 30 30 30 30 30 30 30 30 30 30 30 30 30 0D
1779554349513,74 34 35 31 38 30 30 30 30 30 30 30 30 30 30 30 30 30 30 30 30 0D
1779554349517,74 34 35 35 38 30 30 30 30 30 30 30 30 30 30 30 30 30 30 30 30 0D
1779554349527,74 34 35 37 38 30 30 30 30 30 30 30 30 36 34 31 34 46 46 46 46 0D
1779554349532,74 34 35 31 38 30 30 30 30 30 30 30 30 30 30 30 30 30 30 30 30 0D
1779554349536,74 34 35 35 38 30 30 30 30 30 30 30 30 30 30 30 30 30 30 30 30 0D
1779554349552,74 34 35 31 38 30 30 30 30 30 30 30 30 30 30 30 30 30 30 30 30 0D
1779554349558,74 34 35 35 38 30 30 30 30 30 30 30 30 30 30 30 30 30 30 30 30 0D
1779554349572,74 34 35 30 38 30 30 30 30 30 37 30 30 30 30 30 30 39 34 30 37 0D
1779554349577,74 34 35 31 38 30 30 30 30 30 30 30 30 30 30 30 30 30 30 30 30 0D
1779554349598,74 34 35 31 38 30 30 30 30 30 30 30 30 30 30 30 30 30 30 30 30 0D
1779554349613,74 34 35 31 38 30 30 30 30 30 30 30 30 30 30 30 30 30 30 30 30 0D
1779554349618,74 34 35 35 38 30 30 30 30 30 30 30 30 30 30 30 30 30 30 30 30 0D
1779554349628,74 34 35 37 38 30 30 30 30 30 30 30 30 36 34 31 34 30 30 30 30 0D
1779554349633,74 34 35 31 38 30 30 30 30 30 30 30 30 30 30 30 30 30 30 30 30 0D
1779554349637,74 34 35 36 38 30 30 30 30 30 30 30 30 30 30 30 30 30 30 30 30 0D
1779554349652,74 34 35 31 38 30 30 30 30 30 30 30 30 30 30 30 30 30 30 30 30 0D
1779554349657,74 34 35 35 38 30 30 30 30 30 30 30 30 30 30 30 30 30 30 30 30 0D
1779554349672,74 34 35 30 38 30 30 30 30 30 37 30 30 30 30 30 30 39 34 30 37 0D
1779554349678,74 34 35 31 38 30 30 30 30 30 30 30 30 30 30 30 30 30 30 30 30 0D
1779554349694,74 34 35 31 38 30 30 30 30 30 30 30 30 30 30 30 30 30 30 30 30 0D
1779554349714,74 34 35 31 38 30 30 30 30 30 30 30 30 30 30 30 30 30 30 30 30 0D
1779554349721,74 34 35 35 38 30 30 30 30 30 30 30 30 30 30 30 30 30 30 30 30 0D
1779554349726,74 34 35 37 38 30 30 30 30 30 30 30 30 36 34 31 34 46 46 46 46 0D
1779554349732,74 34 35 31 38 30 30 30 30 30 30 30 30 30 30 30 30 30 30 30 30 0D
1779554349739,74 34 35 35 38 30 30 30 30 30 30 30 30 30 30 30 30 30 30 30 30 0D
1779554349753,74 34 35 31 38 30 30 30 30 30 30 30 30 30 30 30 30 30 30 30 30 0D
1779554349762,74 34 35 35 38 30 30 30 30 30 30 30 30 30 30 30 30 30 30 30 30 0D
1779554349777,74 34 35 30 38 30 30 30 30 30 37 30 30 30 30 30 30 39 34 30 37 0D
1779554349794,74 34 35 31 38 30 30 30 30 30 30 30 30 30 30 30 30 30 30 30 30 0D
1779554349802,74 34 35 35 38 30 30 30 30 30 30 30 30 30 30 30 30 30 30 30 30 0D
1779554349812,74 34 35 31 38 30 30 30 30 30 30 30 30 30 30 30 30 30 30 30 30 0D
1779554349817,74 34 35 35 38 30 30 30 30 30 30 30 30 30 30 30 30 30 30 30 30 0D
1779554349825,74 34 35 37 38 30 30 30 30 30 30 30 30 36 34 31 34 46 46 46 46 0D
1779554349832,74 34 35 31 38 30 30 30 30 30 30 30 30 30 30 30 30 30 30 30 30 0D
1779554349838,74 34 35 35 38 30 30 30 30 30 30 30 30 30 30 30 30 30 30 30 30 0D
1779554349853,74 34 35 31 38 30 30 30 30 30 30 30 30 30 30 30 30 30 30 30 30 0D
1779554349858,74 34 35 35 38 30 30 30 30 30 30 30 30 30 30 30 30 30 30 30 30 0D
1779554349872,74 34 35 30 38 30 30 30 30 30 37 30 30 30 30 30 30 39 34 30 37 0D
1779554349878,74 34 35 31 38 30 30 30 30 30 30 30 30 30 30 30 30 30 30 30 30 0D
1779554349894,74 34 35 31 38 30 30 30 30 30 30 30 30 30 30 30 30 30 30 30 30 0D
1779554349912,74 34 35 31 38 30 30 30 30 30 30 30 30 30 30 30 30 30 30 30 30 0D
1779554349919,74 34 35 35 38 30 30 30 30 30 30 30 30 30 30 30 30 30 30 30 30 0D
1779554349923,74 34 35 37 38 30 30 30 30 30 30 30 30 36 34 31 34 46 46 46 46 0D
1779554349926,74 34 35 39 38 39 33 41 35 42 45 31 36 36 45 31 42 30 33 42 37 0D
1779554349932,74 34 35 31 38 30 30 30 30 30 30 30 30 30 30 30 30 30 30 30 30 0D
1779554349936,74 34 35 35 38 30 30 30 30 30 30 30 30 30 30 30 30 30 30 30 30 0D
1779554349952,74 34 35 31 38 30 30 30 30 30 30 30 30 30 30 30 30 30 30 30 30 0D
1779554349963,74 34 35 35 38 30 30 30 30 30 30 30 30 30 30 30 30 30 30 30 30 0D
1779554349972,74 34 35 30 38 30 30 30 30 30 37 30 30 30 30 30 30 39 34 30 37 0D
1779554349978,74 34 35 31 38 30 30 30 30 30 30 30 30 30 30 30 30 30 30 30 30 0D
1779554349993,74 34 35 31 38 30 30 30 30 30 30 30 30 30 30 30 30 30 30 30 30 0D
1779554349999,74 34 35 35 38 30 30 30 30 30 30 30 30 30 30 30 30 30 30 30 30 0D
1779554350012,74 34 35 31 38 30 30 30 30 30 30 30 30 30 30 30 30 30 30 30 30 0D
1779554350019,74 34 35 35 38 30 30 30 30 30 30 30 30 30 30 30 30 30 30 30 30 0D
1779554350025,74 34 35 37 38 30 30 30 30 30 30 30 30 36 34 31 34 46 46 46 46 0D
1779554350032,74 34 35 31 38 30 30 30 30 30 30 30 30 30 30 30 30 30 30 30 30 0D
1779554350037,74 34 35 35 38 30 30 30 30 30 30 30 30 30 30 30 30 30 30 30 30 0D
1779554350052,74 34 35 31 38 30 30 30 30 30 30 30 30 30 30 30 30 30 30 30 30 0D
1779554350059,74 34 35 36 38 30 30 30 30 30 30 30 30 30 30 30 30 30 30 30 30 0D
1779554350072,74 34 35 30 38 30 30 30 30 30 37 30 30 30 30 30 30 39 34 30 37 0D
1779554350078,74 34 35 31 38 30 30 30 30 30 30 30 30 30 30 30 30 30 30 30 30 0D
1779554350093,74 34 35 31 38 30 30 30 30 30 30 30 30 30 30 30 30 30 30 30 30 0D
1779554350097,74 34 35 35 38 30 30 30 30 30 30 30 30 30 30 30 30 30 30 30 30 0D
1779554350112,74 34 35 31 38 30 30 30 30 30 30 30 30 30 30 30 30 30 30 30 30 0D
1779554350118,74 34 35 35 38 30 30 30 30 30 30 30 30 30 30 30 30 30 30 30 30 0D
1779554350124,74 34 35 37 38 30 30 30 30 30 30 30 30 36 34 31 34 30 30 30 30 0D
1779554350131,74 34 35 31 38 30 30 30 30 30 30 30 30 30 30 30 30 30 30 30 30 0D
1779554350136,74 34 35 35 38 30 30 30 30 30 30 30 30 30 30 30 30 30 30 30 30 0D
1779554350152,74 34 35 31 38 30 30 30 30 30 30 30 30 30 30 30 30 30 30 30 30 0D
1779554350160,74 34 35 35 38 30 30 30 30 30 30 30 30 30 30 30 30 30 30 30 30 0D
1779554350173,74 34 35 30 38 30 30 30 30 30 37 30 30 30 30 30 30 39 34 30 37 0D
1779554350179,74 34 35 31 38 30 30 30 30 30 30 30 30 30 30 30 30 30 30 30 30 0D
1779554350193,74 34 35 31 38 30 30 30 30 30 30 30 30 30 30 30 30 30 30 30 30 0D
1779554350197,74 34 35 35 38 30 30 30 30 30 30 30 30 30 30 30 30 30 30 30 30 0D
1779554350212,74 34 35 31 38 30 30 30 30 30 30 30 30 30 30 30 30 30 30 30 30 0D
1779554350218,74 34 35 35 38 30 30 30 30 30 30 30 30 30 30 30 30 30 30 30 30 0D
1779554350224,74 34 35 37 38 30 30 30 30 30 30 30 30 36 34 31 34 46 45 46 46 0D
1779554350232,74 34 35 31 38 30 30 30 30 30 30 30 30 30 30 30 30 30 30 30 30 0D
1779554350237,74 34 35 35 38 30 30 30 30 30 30 30 30 30 30 30 30 30 30 30 30 0D
1779554350254,74 34 35 31 38 30 30 30 30 30 30 30 30 30 30 30 30 30 30 30 30 0D
1779554350260,74 34 35 35 38 30 30 30 30 30 30 30 30 30 30 30 30 30 30 30 30 0D
1779554350273,74 34 35 30 38 30 30 30 30 30 37 30 30 30 30 30 30 39 34 30 37 0D
1779554350279,74 34 35 31 38 30 30 30 30 30 30 30 30 30 30 30 30 30 30 30 30 0D
1779554350284,46 46 46 0D 74 34 35 39 38 39 33 41 35 42 45 31 36 36 45 31 42 30 33 42 37 0D
1779554350293,74 34 35 31 38 30 30 30 30 30 30 30 30 30 30 30 30 30 30 30 30 0D
1779554350297,74 34 35 35 38 30 30 30 30 30 30 30 30 30 30 30 30 30 30 30 30 0D
1779554350312,74 34 35 31 38 30 30 30 30 30 30 30 30 30 30 30 30 30 30 30 30 0D
1779554350318,74 34 35 35 38 30 30 30 30 30 30 30 30 30 30 30 30 30 30 30 30 0D
1779554350323,74 34 35 37 38 30 30 30 30 30 30 30 30 36 34 31 34 46 46 46 46 0D
1779554350327,74 34 35 39 38 39 33 41 35 42 45 31 36 36 45 31 42 30 33 42 37 0D
1779554350332,74 34 35 31 38 30 30 30 30 30 30 30 30 30 30 30 30 30 30 30 30 0D
1779554350341,74 34 35 35 38 30 30 30 30 30 30 30 30 30 30 30 30 30 30 30 30 0D
1779554350352,74 34 35 31 38 30 30 30 30 30 30 30 30 30 30 30 30 30 30 30 30 0D
1779554350357,74 34 35 35 38 30 30 30 30 30 30 30 30 30 30 30 30 30 30 30 30 0D
1779554350372,74 34 35 30 38 30 30 30 30 30 37 30 30 30 30 30 30 39 34 30 37 0D
1779554350378,74 34 35 31 38 30 30 30 30 30 30 30 30 30 30 30 30 30 30 30 30 0D
1779554350392,74 34 35 31 38 30 30 30 30 30 30 30 30 30 30 30 30 30 30 30 30 0D
1779554350397,74 34 35 35 38 30 30 30 30 30 30 30 30 30 30 30 30 30 30 30 30 0D
1779554350414,74 34 35 31 38 30 30 30 30 30 30 30 30 30 30 30 30 30 30 30 30 0D
1779554350417,74 34 35 36 38 30 30 30 30 30 30 30 30 30 30 30 30 30 30 30 30 0D
1779554350422,74 34 35 37 38 30 30 30 30 30 30 30 30 36 34 31 34 46 46 46 46 0D
1779554350425,74 34 35 39 38 39 33 41 35 42 45 31 36 36 45 31 42 30 33 42 37 0D
1779554350431,74 34 35 31 38 30 30 30 30 30 30 30 30 30 30 30 30 30 30 30 30 0D
1779554350435,74 34 35 35 38 30 30 30 30 30 30 30 30 30 30 30 30 30 30 30 30 0D
1779554350454,74 34 35 31 38 30 30 30 30 30 30 30 30 30 30 30 30 30 30 30 30 0D
1779554350458,74 34 35 35 38 30 30 30 30 30 30 30 30 30 30 30 30 30 30 30 30 0D
1779554350475,74 34 35 30 38 30 30 30 30 30 37 30 30 30 30 30 30 39 34 30 37 0D
1779554350492,74 34 35 31 38 30 30 30 30 30 30 30 30 30 30 30 30 30 30 30 30 0D
1779554350497,74 34 35 35 38 45 39 46 46 30 36 30 30 41 30 46 46 30 30 30 30 0D
1779554350514,74 34 35 31 38 30 30 30 30 30 30 30 30 30 30 30 30 30 30 30 30 0D
1779554350519,74 34 35 35 38 45 39 46 46 30 36 30 30 41 30 46 46 30 30 30 30 0D
1779554350524,74 34 35 37 38 30 30 30 30 30 30 30 30 36 34 31 34 46 46 46 46 0D
1779554350532,74 34 35 31 38 30 30 30 30 30 30 30 30 30 30 30 30 30 30 30 30 0D
1779554350540,74 34 35 35 38 45 39 46 46 30 36 30 30 41 30 46 46 30 30 30 30 0D
1779554350553,74 34 35 31 38 30 30 30 30 30 30 30 30 30 30 30 30 30 30 30 30 0D
1779554350558,74 34 35 35 38 45 39 46 46 30 36 30 30 41 30 46 46 30 30 30 30 0D
1779554350572,74 34 35 30 38 30 30 30 30 30 37 30 30 30 30 30 30 39 34 30 37 0D
1779554350579,74 34 35 31 38 30 30 30 30 30 30 30 30 30 30 30 30 30 30 30 30 0D
1779554350593,74 34 35 31 38 30 30 30 30 30 30 30 30 30 30 30 30 30 30 30 30 0D
1779554350599,74 34 35 35 38 45 39 46 46 30 36 30 30 41 30 46 46 30 30 30 30 0D
1779554350616,74 34 35 31 38 30 30 30 30 30 30 30 30 30 30 30 30 30 30 30 30 0D
1779554350620,74 34 35 36 38 30 30 30 30 30 30 30 30 30 30 30 30 30 30 30 30 0D
1779554350629,74 34 35 37 38 30 30 30 30 30 30 30 30 36 34 31 34 46 46 46 46 0D
1779554350633,74 34 35 31 38 30 30 30 30 30 30 30 30 30 30 30 30 30 30 30 30 0D
1779554350635,74 34 35 35 38 45 39 46 46 30 36 30 30 41 30 46 46 30 30 30 30 0D
1779554350639,74 34 35 36 38 30 30 30 30 30 30 30 30 30 30 30 30 30 30 30 30 0D
1779554350653,74 34 35 31 38 30 30 30 30 30 30 30 30 30 30 30 30 30 30 30 30 0D
1779554350676,74 34 35 30 38 30 30 30 30 30 37 30 30 30 30 30 30 39 34 30 37 0D
1779554350692,74 34 35 31 38 30 30 30 30 30 30 30 30 30 30 30 30 30 30 30 30 0D
1779554350701,74 34 35 35 38 45 38 46 46 30 37 30 30 41 30 46 46 30 30 30 30 0D
1779554350713,74 34 35 31 38 30 30 30 30 30 30 30 30 30 30 30 30 30 30 30 30 0D
1779554350718,74 34 35 35 38 45 38 46 46 30 37 30 30 41 30 46 46 30 30 30 30 0D
1779554350722,74 34 35 37 38 30 30 30 30 30 30 30 30 36 34 31 34 46 46 46 46 0D
1779554350726,74 34 35 39 38 39 33 41 35 42 45 31 36 36 45 31 42 30 33 42 37 0D
1779554350732,74 34 35 31 38 30 30 30 30 30 30 30 30 30 30 30 30 30 30 30 30 0D
1779554350737,74 34 35 35 38 45 38 46 46 30 37 30 30 41 30 46 46 30 30 30 30 0D
1779554350788,74 34 35 31 38 30 30 30 30 30 30 30 30 30 30 30 30 30 30 30 30 0D
1779554350792,74 34 35 31 38 30 30 30 30 30 30 30 30 30 30 30 30 30 30 30 30 0D
1779554350797,74 34 35 35 38 45 38 46 46 30 37 30 30 41 30 46 46 30 30 30 30 0D
1779554350812,74 34 35 31 38 30 30 30 30 30 30 30 30 30 30 30 30 30 30 30 30 0D
1779554350815,74 34 35 35 38 45 38 46 46 30 37 30 30 41 30 46 46 30 30 30 30 0D
1779554350823,74 34 35 37 38 30 30 30 30 30 30 30 30 36 34 31 34 46 46 46 46 0D
1779554350839,74 34 35 31 38 30 30 30 30 30 30 30 30 30 30 30 30 30 30 30 30 0D
1779554350855,74 34 35 31 38 30 30 30 30 30 30 30 30 30 30 30 30 30 30 30 30 0D
1779554350872,74 34 35 30 38 30 30 30 30 30 37 30 30 30 30 30 30 39 34 30 37 0D
1779554350878,74 34 35 31 38 30 30 30 30 30 30 30 30 30 30 30 30 30 30 30 30 0D
1779554350892,74 34 35 31 38 30 30 30 30 30 30 30 30 30 30 30 30 30 30 30 30 0D
1779554350897,74 34 35 35 38 45 39 46 46 30 36 30 30 39 46 46 46 30 30 30 30 0D
1779554350912,74 34 35 31 38 30 30 30 30 30 30 30 30 30 30 30 30 30 30 30 30 0D
1779554350918,74 34 35 35 38 45 39 46 46 30 36 30 30 39 46 46 46 30 30 30 30 0D
1779554350928,74 34 35 37 38 30 30 30 30 30 30 30 30 36 34 31 34 46 45 46 46 0D
1779554350937,74 34 35 31 38 30 30 30 30 30 30 30 30 30 30 30 30 30 30 30 30 0D
1779554350953,74 34 35 31 38 30 30 30 30 30 30 30 30 30 30 30 30 30 30 30 30 0D
1779554350957,74 34 35 35 38 45 39 46 46 30 36 30 30 39 46 46 46 30 30 30 30 0D
1779554350972,74 34 35 30 38 30 30 30 30 30 37 30 30 30 30 30 30 39 34 30 37 0D
1779554350980,74 34 35 31 38 30 30 30 30 30 30 30 30 30 30 30 30 30 30 30 30 0D
1779554350993,74 34 35 31 38 30 30 30 30 30 30 30 30 30 30 30 30 30 30 30 30 0D
1779554350998,74 34 35 35 38 45 39 46 46 30 36 30 30 39 46 46 46 30 30 30 30 0D
1779554351012,74 34 35 31 38 30 30 30 30 30 30 30 30 30 30 30 30 30 30 30 30 0D
1779554351020,74 34 35 35 38 45 39 46 46 30 36 30 30 39 46 46 46 30 30 30 30 0D
1779554351031,74 34 35 37 38 30 30 30 30 30 30 30 30 36 34 31 34 46 46 46 46 0D
1779554351036,74 34 35 31 38 30 30 30 30 30 30 30 30 30 30 30 30 30 30 30 30 0D
1779554351052,74 34 35 31 38 30 30 30 30 30 30 30 30 30 30 30 30 30 30 30 30 0D
1779554351056,74 34 35 35 38 45 39 46 46 30 36 30 30 39 46 46 46 30 30 30 30 0D
1779554351072,74 34 35 30 38 30 30 30 30 30 37 30 30 30 30 30 30 39 34 30 37 0D
1779554351081,74 34 35 31 38 30 30 30 30 30 30 30 30 30 30 30 30 30 30 30 30 0D
1779554351092,74 34 35 31 38 30 30 30 30 30 30 30 30 30 30 30 30 30 30 30 30 0D
1779554351097,74 34 35 35 38 45 38 46 46 30 37 30 30 39 46 46 46 30 30 30 30 0D
1779554351112,74 34 35 31 38 30 30 30 30 30 30 30 30 30 30 30 30 30 30 30 30 0D
1779554351118,74 34 35 35 38 45 38 46 46 30 37 30 30 39 46 46 46 30 30 30 30 0D
1779554351124,74 34 35 37 38 30 30 30 30 30 30 30 30 36 34 31 34 46 46 46 46 0D
1779554351130,74 34 35 39 38 39 33 41 35 42 45 31 36 36 45 31 42 30 33 42 37 0D
1779554351134,74 34 35 31 38 30 30 30 30 30 30 30 30 30 30 30 30 30 30 30 30 0D
1779554351157,74 34 35 31 38 30 30 30 30 30 30 30 30 30 30 30 30 30 30 30 30 0D
1779554351173,74 34 35 30 38 30 30 30 30 30 37 30 30 30 30 30 30 39 34 30 37 0D
1779554351177,74 34 35 31 38 30 30 30 30 30 30 30 30 30 30 30 30 30 30 30 30 0D
1779554351184,74 34 35 32 38 38 43 30 30 30 30 30 30 30 30 30 30 32 37 30 30 0D 74 34 35 33 38 33 46 30 30 30 30 30 30 30 30 30 30 30 30 30 30 0D 74 34 35 34 38 30 31 30 30 30 30 30 30 30 30 30 30 30 30 30
1779554351196,74 34 35 31 38 30 30 30 30 30 30 30 30 30 30 30 30 30 30 30 30 0D
1779554351200,74 34 35 35 38 45 38 46 46 30 37 30 30 39 46 46 46 30 30 30 30 0D
1779554351213,74 34 35 31 38 30 30 30 30 30 30 30 30 30 30 30 30 30 30 30 30 0D
1779554351217,74 34 35 35 38 45 38 46 46 30 37 30 30 39 46 46 46 30 30 30 30 0D
1779554351224,74 34 35 37 38 30 30 30 30 30 30 30 30 36 34 31 34 30 30 30 30 0D
1779554351238,74 34 35 31 38 30 30 30 30 30 30 30 30 30 30 30 30 30 30 30 30 0D
1779554351252,74 34 35 31 38 30 30 30 30 30 30 30 30 30 30 30 30 30 30 30 30 0D
1779554351257,74 34 35 35 38 45 38 46 46 30 37 30 30 39 46 46 46 30 30 30 30 0D
1779554351272,74 34 35 30 38 30 30 30 30 30 37 30 30 30 30 30 30 39 34 30 37 0D
1779554351276,74 34 35 31 38 30 30 30 30 30 30 30 30 30 30 30 30 30 30 30 30 0D
1779554351281,74 34 35 33 38 34 30 30 30 30 30 30 30 30 30 30 30 30 30 30 30 0D 74 34 35 34 38 30 31 30 30 30 30 30 30 30 30 30 30 30 30 30 30 0D 74 34 35 35 38 45 38 46 46 30 37 30 30 39 46 46 46 30 30 30
1779554351293,74 34 35 31 38 30 30 30 30 30 30 30 30 30 30 30 30 30 30 30 30 0D
1779554351296,74 34 35 35 38 45 39 46 46 30 36 30 30 41 30 46 46 30 30 30 30 0D
1779554351313,74 34 35 31 38 30 30 30 30 30 30 30 30 30 30 30 30 30 30 30 30 0D
1779554351317,74 34 35 35 38 45 39 46 46 30 36 30 30 41 30 46 46 30 30 30 30 0D
1779554351323,74 34 35 37 38 30 30 30 30 30 30 30 30 36 34 31 34 46 46 46 46 0D
1779554351336,74 34 35 31 38 30 30 30 30 30 30 30 30 30 30 30 30 30 30 30 30 0D
1779554351353,74 34 35 31 38 30 30 30 30 30 30 30 30 30 30 30 30 30 30 30 30 0D
1779554351359,74 34 35 35 38 45 39 46 46 30 36 30 30 41 30 46 46 30 30 30 30 0D
1779554351372,74 34 35 30 38 30 30 30 30 30 37 30 30 30 30 30 30 39 34 30 37 0D
1779554351380,74 34 35 31 38 30 30 30 30 30 30 30 30 30 30 30 30 30 30 30 30 0D
1779554351393,74 34 35 31 38 30 30 30 30 30 30 30 30 30 30 30 30 30 30 30 30 0D
1779554351399,74 34 35 35 38 45 39 46 46 30 36 30 30 41 30 46 46 30 30 30 30 0D
1779554351412,74 34 35 31 38 30 30 30 30 30 30 30 30 30 30 30 30 30 30 30 30 0D
1779554351417,74 34 35 35 38 45 39 46 46 30 36 30 30 41 30 46 46 30 30 30 30 0D
1779554351422,74 34 35 37 38 30 30 30 30 30 30 30 30 36 34 31 34 46 46 46 46 0D
1779554351427,74 34 35 39 38 39 33 41 35 42 45 31 36 36 45 31 42 30 33 42 37 0D
1779554351436,74 34 35 31 38 30 30 30 30 30 30 30 30 30 30 30 30 30 30 30 30 0D
1779554351456,74 34 35 31 38 30 30 30 30 30 30 30 30 30 30 30 30 30 30 30 30 0D
1779554351473,74 34 35 30 38 30 30 30 30 30 37 30 30 30 30 30 30 39 34 30 37 0D
1779554351483,74 34 35 31 38 30 30 30 30 30 30 30 30 30 30 30 30 30 30 30 30 0D
1779554351493,74 34 35 31 38 30 30 30 30 30 30 30 30 30 30 30 30 30 30 30 30 0D
1779554351497,74 34 35 35 38 45 39 46 46 30 37 30 30 39 46 46 46 30 30 30 30 0D
1779554351513,74 34 35 31 38 30 30 30 30 30 30 30 30 30 30 30 30 30 30 30 30 0D
1779554351518,74 34 35 35 38 45 39 46 46 30 37 30 30 39 46 46 46 30 30 30 30 0D
1779554351522,74 34 35 37 38 30 30 30 30 30 30 30 30 36 34 31 34 46 46 46 46 0D
1779554351526,74 34 35 39 38 39 33 41 35 42 45 31 36 36 45 31 42 30 33 42 37 0D
1779554351534,74 34 35 31 38 30 30 30 30 30 30 30 30 30 30 30 30 30 30 30 30 0D
1779554351553,74 34 35 31 38 30 30 30 30 30 30 30 30 30 30 30 30 30 30 30 30 0D
1779554351572,74 34 35 30 38 30 30 30 30 30 37 30 30 30 30 30 30 39 34 30 37 0D
1779554351575,74 34 35 31 38 30 30 30 30 30 30 30 30 30 30 30 30 30 30 30 30 0D
1779554351581,74 34 35 32 38 38 43 30 30 30 30 30 30 30 30 30 30 32 37 30 30 0D
1779554351594,74 34 35 31 38 30 30 30 30 30 30 30 30 30 30 30 30 30 30 30 30 0D
1779554351600,74 34 35 35 38 45 39 46 46 30 37 30 30 39 46 46 46 30 30 30 30 0D
1779554351612,74 34 35 31 38 30 30 30 30 30 30 30 30 30 30 30 30 30 30 30 30 0D
1779554351615,74 34 35 35 38 45 39 46 46 30 37 30 30 39 46 46 46 30 30 30 30 0D
1779554351623,74 34 35 37 38 30 30 30 30 30 30 30 30 36 34 31 34 46 45 46 46 0D
1779554351626,74 34 35 39 38 39 33 41 35 42 45 31 36 36 45 31 42 30 33 42 37 0D
1779554351635,74 34 35 31 38 30 30 30 30 30 30 30 30 30 30 30 30 30 30 30 30 0D
1779554351653,74 34 35 31 38 30 30 30 30 30 30 30 30 30 30 30 30 30 30 30 30 0D
1779554351672,74 34 35 30 38 30 30 30 30 30 37 30 30 30 30 30 30 39 34 30 37 0D
1779554351681,74 34 35 31 38 30 30 30 30 30 30 30 30 30 30 30 30 30 30 30 30 0D
1779554351692,74 34 35 31 38 30 30 30 30 30 30 30 30 30 30 30 30 30 30 30 30 0D
1779554351697,74 34 35 35 38 45 38 46 46 30 37 30 30 41 30 46 46 30 30 30 30 0D
1779554351713,74 34 35 31 38 30 30 30 30 30 30 30 30 30 30 30 30 30 30 30 30 0D
1779554351715,74 34 35 35 38 45 38 46 46 30 37 30 30 41 30 46 46 30 30 30 30 0D
1779554351720,74 34 35 36 38 46 37 46 46 30 37 30 30 30 34 30 30 30 30 30 30 0D
1779554351722,74 34 35 37 38 30 30 30 30 30 30 30 30 36 34 31 34 46 46 46 46 0D
1779554351728,74 34 35 39 38 39 33 41 35 42 45 31 36 36 45 31 42 30 33 42 37 0D
1779554351734,74 34 35 31 38 30 30 30 30 30 30 30 30 30 30 30 30 30 30 30 30 0D
1779554351754,74 34 35 31 38 30 30 30 30 30 30 30 30 30 30 30 30 30 30 30 30 0D
1779554351758,74 34 35 35 38 45 38 46 46 30 37 30 30 41 30 46 46 30 30 30 30 0D
1779554351773,74 34 35 30 38 30 30 30 30 30 37 30 30 30 30 30 30 39 34 30 37 0D
1779554351781,74 34 35 31 38 30 30 30 30 30 30 30 30 30 30 30 30 30 30 30 30 0D
1779554351794,74 34 35 31 38 30 30 30 30 30 30 30 30 30 30 30 30 30 30 30 30 0D
1779554351800,74 34 35 35 38 45 38 46 46 30 37 30 30 41 30 46 46 30 30 30 30 0D
1779554351812,74 34 35 31 38 30 30 30 30 30 30 30 30 30 30 30 30 30 30 30 30 0D
1779554351819,74 34 35 35 38 45 38 46 46 30 37 30 30 41 30 46 46 30 30 30 30 0D
1779554351822,74 34 35 37 38 30 30 30 30 30 30 30 30 36 34 31 34 46 46 46 46 0D
1779554351828,74 34 35 39 38 30 30 45 39 41 34 33 35 30 30 30 30 30 30 30 30 0D
1779554351836,74 34 35 31 38 30 30 30 30 30 30 30 30 30 30 30 30 30 30 30 30 0D
1779554351853,74 34 35 31 38 30 30 30 30 30 30 30 30 30 30 30 30 30 30 30 30 0D
1779554351856,74 34 35 35 38 45 38 46 46 30 37 30 30 41 30 46 46 30 30 30 30 0D
1779554351875,74 34 35 30 38 30 30 30 30 30 37 30 30 30 30 30 30 39 34 30 37 0D
1779554351882,74 34 35 31 38 30 30 30 30 30 30 30 30 30 30 30 30 30 30 30 30 0D
1779554351893,74 34 35 31 38 30 30 30 30 30 30 30 30 30 30 30 30 30 30 30 30 0D
1779554351896,74 34 35 35 38 45 38 46 46 30 37 30 30 41 30 46 46 30 30 30 30 0D
1779554351912,74 34 35 31 38 30 30 30 30 30 30 30 30 30 30 30 30 30 30 30 30 0D
1779554351919,74 34 35 35 38 45 38 46 46 30 37 30 30 41 30 46 46 30 30 30 30 0D
1779554351923,74 34 35 37 38 30 30 30 30 30 30 30 30 36 34 31 34 46 46 46 46 0D
1779554351928,74 34 35 39 38 30 30 45 39 41 34 33 35 30 30 30 30 30 30 30 30 0D
1779554351935,74 34 35 31 38 30 30 30 30 30 30 30 30 30 30 30 30 30 30 30 30 0D
1779554351953,74 34 35 31 38 30 30 30 30 30 30 30 30 30 30 30 30 30 30 30 30 0D
1779554351957,74 34 35 35 38 45 38 46 46 30 37 30 30 41 30 46 46 30 30 30 30 0D
1779554351972,74 34 35 30 38 30 30 30 30 30 37 30 30 30 30 30 30 39 34 30 37 0D
1779554351976,74 34 35 31 38 30 30 30 30 30 30 30 30 30 30 30 30 30 30 30 30 0D
1779554351983,74 34 35 33 38 34 33 30 30 30 30 30 30 30 30 30 30 30 30 30 30 0D 74 34 35 34 38 30 31 30 30 30 30 30 30 30 30 30 30 30 30 30 30 0D 74 34 35 35 38 45 38 46 46 30 37 30 30 41 30 46 46 30 30 30
1779554351992,74 34 35 31 38 30 30 30 30 30 30 30 30 30 30 30 30 30 30 30 30 0D
1779554351997,74 34 35 35 38 45 38 46 46 30 37 30 30 41 30 46 46 30 30 30 30 0D
1779554352012,74 34 35 31 38 30 30 30 30 30 30 30 30 30 30 30 30 30 30 30 30 0D
1779554352017,74 34 35 35 38 45 38 46 46 30 37 30 30 41 30 46 46 30 30 30 30 0D
1779554352025,74 34 35 37 38 30 30 30 30 30 30 30 30 36 34 31 34 46 46 46 46 0D
1779554352031,74 34 35 39 38 30 30 45 39 41 34 33 35 30 30 30 30 30 30 30 30 0D
1779554352040,74 34 35 31 38 30 30 30 30 30 30 30 30 30 30 30 30 30 30 30 30 0D
1779554352052,74 34 35 31 38 30 30 30 30 30 30 30 30 30 30 30 30 30 30 30 30 0D
1779554352059,74 34 35 35 38 45 38 46 46 30 37 30 30 41 30 46 46 30 30 30 30 0D
1779554352072,74 34 35 30 38 30 30 30 30 30 37 30 30 30 30 30 30 39 34 30 37 0D
1779554352081,74 34 35 31 38 30 30 30 30 30 30 30 30 30 30 30 30 30 30 30 30 0D
1779554352092,74 34 35 31 38 30 30 30 30 30 30 30 30 30 30 30 30 30 30 30 30 0D
1779554352098,74 34 35 35 38 45 38 46 46 30 37 30 30 39 46 46 46 30 30 30 30 0D
1779554352112,74 34 35 31 38 30 30 30 30 30 30 30 30 30 30 30 30 30 30 30 30 0D
1779554352117,74 34 35 35 38 45 38 46 46 30 37 30 30 39 46 46 46 30 30 30 30 0D
1779554352122,74 34 35 37 38 30 30 30 30 30 30 30 30 36 34 31 34 46 45 46 46 0D
1779554352128,74 34 35 39 38 30 30 45 39 41 34 33 35 30 30 30 30 30 30 30 30 0D
1779554352135,74 34 35 31 38 30 30 30 30 30 30 30 30 30 30 30 30 30 30 30 30 0D
1779554352152,74 34 35 31 38 30 30 30 30 30 30 30 30 30 30 30 30 30 30 30 30 0D
1779554352158,74 34 35 35 38 45 38 46 46 30 37 30 30 39 46 46 46 30 30 30 30 0D
1779554352172,74 34 35 30 38 30 30 30 30 30 37 30 30 30 30 30 30 39 34 30 37 0D
1779554352177,74 34 35 31 38 30 30 30 30 30 30 30 30 30 30 30 30 30 30 30 30 0D
1779554352193,74 34 35 31 38 30 30 30 30 30 30 30 30 30 30 30 30 30 30 30 30 0D
1779554352213,74 34 35 31 38 30 30 30 30 30 30 30 30 30 30 30 30 30 30 30 30 0D
1779554352217,74 34 35 35 38 45 38 46 46 30 37 30 30 39 46 46 46 30 30 30 30 0D
1779554352222,74 34 35 37 38 30 30 30 30 30 30 30 30 36 34 31 34 46 46 46 46 0D
1779554352229,74 34 35 39 38 30 30 45 39 41 34 33 35 30 30 30 30 30 30 30 30 0D
1779554352237,74 34 35 31 38 30 30 30 30 30 30 30 30 30 30 30 30 30 30 30 30 0D
1779554352253,74 34 35 31 38 30 30 30 30 30 30 30 30 30 30 30 30 30 30 30 30 0D
1779554352258,74 34 35 35 38 45 38 46 46 30 37 30 30 39 46 46 46 30 30 30 30 0D
1779554352273,74 34 35 30 38 30 30 30 30 30 37 30 30 30 30 30 30 39 34 30 37 0D
1779554352280,74 34 35 31 38 30 30 30 30 30 30 30 30 30 30 30 30 30 30 30 30 0D
1779554352294,74 34 35 31 38 30 30 30 30 30 30 30 30 30 30 30 30 30 30 30 30 0D
1779554352297,74 34 35 35 38 45 39 46 46 30 37 30 30 41 30 46 46 30 30 30 30 0D
1779554352324,74 34 35 31 38 30 30 30 30 30 30 30 30 30 30 30 30 30 30 30 30 0D
1779554352330,74 34 35 39 38 30 30 45 39 41 34 33 35 30 30 30 30 30 30 30 30 0D
1779554352337,74 34 35 31 38 30 30 30 30 30 30 30 30 30 30 30 30 30 30 30 30 0D
1779554352352,74 34 35 31 38 30 30 30 30 30 30 30 30 30 30 30 30 30 30 30 30 0D
1779554352359,74 34 35 35 38 45 39 46 46 30 37 30 30 41 30 46 46 30 30 30 30 0D
1779554352375,74 34 35 30 38 30 30 30 30 30 37 30 30 30 30 30 30 39 34 30 37 0D
1779554352381,74 34 35 31 38 30 30 30 30 30 30 30 30 30 30 30 30 30 30 30 30 0D
1779554352394,74 34 35 31 38 30 30 30 30 30 30 30 30 30 30 30 30 30 30 30 30 0D
1779554352400,74 34 35 35 38 45 39 46 46 30 37 30 30 41 30 46 46 30 30 30 30 0D
1779554352419,74 34 35 31 38 30 30 30 30 30 30 30 30 30 30 30 30 30 30 30 30 0D
1779554352422,74 34 35 37 38 30 31 30 30 30 30 30 30 36 34 31 34 30 30 30 30 0D
1779554352429,74 34 35 39 38 30 30 45 39 41 34 33 35 30 30 30 30 30 30 30 30 0D
1779554352435,74 34 35 31 38 30 30 30 30 30 30 30 30 30 30 30 30 30 30 30 30 0D
1779554352452,74 34 35 31 38 30 30 30 30 30 30 30 30 30 30 30 30 30 30 30 30 0D
1779554352455,74 34 35 35 38 45 39 46 46 30 37 30 30 41 30 46 46 30 30 30 30 0D
1779554352462,74 34 35 36 38 46 37 46 46 30 36 30 30 30 34 30 30 30 30 30 30 0D
1779554352472,74 34 35 30 38 30 30 30 30 30 37 30 30 30 30 30 30 39 34 30 37 0D
1779554352478,74 34 35 31 38 30 30 30 30 30 30 30 30 30 30 30 30 30 30 30 30 0D
1779554352496,74 34 35 31 38 30 30 30 30 30 30 30 30 30 30 30 30 30 30 30 30 0D
1779554352500,74 34 35 35 38 45 39 46 46 30 37 30 30 39 46 46 46 30 30 30 30 0D
1779554352518,74 34 35 31 38 30 30 30 30 30 30 30 30 30 30 30 30 30 30 30 30 0D
1779554352522,74 34 35 37 38 30 31 30 30 30 34 30 30 36 34 31 34 46 46 46 46 0D
1779554352524,74 34 35 39 38 33 34 39 45 42 45 31 36 39 33 31 33 30 33 42 37 0D
1779554352532,74 34 35 31 38 30 30 30 30 30 30 30 30 30 30 30 30 30 30 30 30 0D
1779554352538,74 34 35 35 38 45 39 46 46 30 37 30 30 39 46 46 46 30 30 30 30 0D
1779554352552,74 34 35 31 38 30 30 30 30 30 30 30 30 30 30 30 30 30 30 30 30 0D
1779554352555,74 34 35 35 38 45 39 46 46 30 37 30 30 39 46 46 46 30 30 30 30 0D
1779554352558,74 34 35 36 38 46 37 46 46 30 36 30 30 30 34 30 30 30 30 30 30 0D
1779554352572,74 34 35 30 38 30 30 30 30 30 37 30 30 30 30 30 30 39 34 30 37 0D
1779554352579,74 34 35 31 38 30 30 30 30 30 30 30 30 30 30 30 30 30 30 30 30 0D
1779554352593,74 34 35 31 38 30 30 30 30 30 30 30 30 30 30 30 30 30 30 30 30 0D
1779554352599,74 34 35 35 38 45 39 46 46 30 37 30 30 39 46 46 46 30 30 30 30 0D
1779554352617,74 34 35 31 38 30 30 30 30 30 30 30 30 30 30 30 30 30 30 30 30 0D
1779554352622,74 34 35 37 38 30 30 30 30 30 34 30 30 36 34 31 34 46 46 46 46 0D
1779554352626,74 34 35 39 38 34 46 39 45 42 45 31 36 41 37 31 33 30 33 42 37 0D
1779554352634,74 34 35 31 38 30 30 30 30 30 30 30 30 30 30 30 30 30 30 30 30 0D
1779554352655,74 34 35 31 38 30 30 30 30 30 30 30 30 30 30 30 30 30 30 30 30 0D
1779554352660,74 34 35 35 38 45 39 46 46 30 37 30 30 39 46 46 46 30 30 30 30 0D
1779554352674,74 34 35 30 38 30 30 30 30 30 37 30 30 30 30 30 30 39 34 30 37 0D
1779554352681,74 34 35 31 38 30 30 30 30 30 30 30 30 30 30 30 30 30 30 30 30 0D
1779554352693,74 34 35 31 38 30 30 30 30 30 30 30 30 30 30 30 30 30 30 30 30 0D
1779554352697,74 34 35 36 38 46 37 46 46 30 37 30 30 30 33 30 30 30 30 30 30 0D
1779554352717,74 34 35 31 38 30 30 30 30 30 30 30 30 30 30 30 30 30 30 30 30 0D
1779554352722,74 34 35 37 38 30 30 30 30 30 33 30 30 36 34 31 34 30 30 30 30 0D
1779554352727,74 34 35 39 38 36 37 39 45 42 45 31 36 43 41 31 33 30 33 42 37 0D
1779554352735,74 34 35 31 38 30 30 30 30 30 30 30 30 30 30 30 30 30 30 30 30 0D
1779554352754,74 34 35 31 38 30 30 30 30 30 30 30 30 30 30 30 30 30 30 30 30 0D
1779554352757,74 34 35 35 38 45 38 46 46 30 37 30 30 41 30 46 46 30 30 30 30 0D
1779554352772,74 34 35 30 38 30 30 30 30 30 37 30 30 30 30 30 30 39 34 30 37 0D
1779554352779,74 34 35 31 38 30 30 30 30 30 30 30 30 30 30 30 30 30 30 30 30 0D
1779554352792,74 34 35 31 38 30 30 30 30 30 30 30 30 30 30 30 30 30 30 30 30 0D
1779554352796,74 34 35 35 38 45 38 46 46 30 37 30 30 41 30 46 46 30 30 30 30 0D
1779554352819,74 34 35 31 38 30 30 30 30 30 30 30 30 30 30 30 30 30 30 30 30 0D
1779554352821,74 34 35 37 38 30 30 30 30 30 33 30 30 36 34 31 34 46 46 46 46 0D
1779554352826,74 34 35 39 38 39 31 39 45 42 45 31 36 46 44 31 33 30 33 42 37 0D
1779554352832,74 34 35 31 38 30 30 30 30 30 30 30 30 30 30 30 30 30 30 30 30 0D
1779554352838,74 34 35 35 38 45 38 46 46 30 37 30 30 41 30 46 46 30 30 30 30 0D
1779554352854,74 34 35 31 38 30 30 30 30 30 30 30 30 30 30 30 30 30 30 30 30 0D
1779554352858,74 34 35 35 38 45 38 46 46 30 37 30 30 41 30 46 46 30 30 30 30 0D
1779554352872,74 34 35 30 38 30 30 30 30 30 37 30 30 30 30 30 30 39 34 30 37 0D
1779554352880,74 34 35 31 38 30 30 30 30 30 30 30 30 30 30 30 30 30 30 30 30 0D
1779554352892,74 34 35 31 38 30 30 30 30 30 30 30 30 30 30 30 30 30 30 30 30 0D
1779554352903,74 34 35 35 38 45 39 46 46 30 36 30 30 39 46 46 46 30 30 30 30 0D
1779554352918,74 34 35 31 38 30 30 30 30 30 30 30 30 30 30 30 30 30 30 30 30 0D
1779554352926,74 34 35 37 38 30 30 30 30 30 33 30 30 36 34 31 34 46 46 46 46 0D
1779554352932,74 34 35 31 38 30 30 30 30 30 30 30 30 30 30 30 30 30 30 30 30 0D
1779554352935,74 34 35 35 38 45 39 46 46 30 36 30 30 39 46 46 46 30 30 30 30 0D
1779554352953,74 34 35 31 38 30 30 30 30 30 30 30 30 30 30 30 30 30 30 30 30 0D
1779554352958,74 34 35 35 38 45 39 46 46 30 36 30 30 39 46 46 46 30 30 30 30 0D
1779554352973,74 34 35 30 38 30 30 30 30 30 37 30 30 30 30 30 30 39 34 30 37 0D
1779554352981,74 34 35 31 38 30 30 30 30 30 30 30 30 30 30 30 30 30 30 30 30 0D
1779554352993,74 34 35 31 38 30 30 30 30 30 30 30 30 30 30 30 30 30 30 30 30 0D
1779554352996,74 34 35 35 38 45 39 46 46 30 36 30 30 39 46 46 46 30 30 30 30 0D
1779554353015,74 34 35 31 38 30 30 30 30 30 30 30 30 30 30 30 30 30 30 30 30 0D
1779554353021,74 34 35 36 38 46 37 46 46 30 37 30 30 30 33 30 30 30 30 30 30 0D
1779554353028,74 34 35 37 38 30 30 30 30 30 33 30 30 36 34 31 34 46 46 46 46 0D
1779554353032,74 34 35 31 38 30 30 30 30 30 30 30 30 30 30 30 30 30 30 30 30 0D
1779554353036,74 34 35 35 38 45 39 46 46 30 36 30 30 39 46 46 46 30 30 30 30 0D
1779554353052,74 34 35 31 38 30 30 30 30 30 30 30 30 30 30 30 30 30 30 30 30 0D
1779554353059,74 34 35 35 38 45 39 46 46 30 36 30 30 39 46 46 46 30 30 30 30 0D
1779554353072,74 34 35 30 38 30 30 30 30 30 37 30 30 30 30 30 30 39 34 30 37 0D
1779554353079,74 34 35 31 38 30 30 30 30 30 30 30 30 30 30 30 30 30 30 30 30 0D
1779554353094,74 34 35 31 38 30 30 30 30 30 30 30 30 30 30 30 30 30 30 30 30 0D
1779554353099,74 34 35 35 38 45 39 46 46 30 36 30 30 39 46 46 46 30 30 30 30 0D
1779554353114,74 34 35 31 38 30 30 30 30 30 30 30 30 30 30 30 30 30 30 30 30 0D
1779554353129,74 34 35 37 38 30 30 30 30 30 32 30 30 36 34 31 34 46 46 46 46 0D
1779554353132,74 34 35 31 38 30 30 30 30 30 30 30 30 30 30 30 30 30 30 30 30 0D
1779554353137,74 34 35 35 38 45 39 46 46 30 36 30 30 39 46 46 46 30 30 30 30 0D
1779554353154,74 34 35 31 38 30 30 30 30 30 30 30 30 30 30 30 30 30 30 30 30 0D
1779554353159,74 34 35 35 38 45 39 46 46 30 36 30 30 39 46 46 46 30 30 30 30 0D
1779554353172,74 34 35 30 38 30 30 30 30 30 37 30 30 30 30 30 30 39 34 30 37 0D
1779554353179,74 34 35 31 38 30 30 30 30 30 30 30 30 30 30 30 30 30 30 30 30 0D
1779554353196,74 34 35 31 38 30 30 30 30 30 30 30 30 30 30 30 30 30 30 30 30 0D
1779554353212,74 34 35 31 38 30 30 30 30 30 30 30 30 30 30 30 30 30 30 30 30 0D
1779554353218,74 34 35 35 38 45 39 46 46 30 36 30 30 39 46 46 46 30 30 30 30 0D
1779554353228,74 34 35 37 38 30 30 30 30 30 33 30 30 36 34 31 34 46 46 46 46 0D
1779554353233,74 34 35 31 38 30 30 30 30 30 30 30 30 30 30 30 30 30 30 30 30 0D
1779554353240,74 34 35 36 38 46 37 46 46 30 37 30 30 30 33 30 30 30 30 30 30 0D
1779554353252,74 34 35 31 38 30 30 30 30 30 30 30 30 30 30 30 30 30 30 30 30 0D
1779554353257,74 34 35 35 38 45 39 46 46 30 36 30 30 39 46 46 46 30 30 30 30 0D
1779554353272,74 34 35 30 38 30 30 30 30 30 37 30 30 30 30 30 30 39 34 30 37 0D
1779554353281,74 34 35 31 38 30 30 30 30 30 30 30 30 30 30 30 30 30 30 30 30 0D
1779554353296,74 34 35 31 38 30 30 30 30 30 30 30 30 30 30 30 30 30 30 30 30 0D
1779554353313,74 34 35 31 38 30 30 30 30 30 30 30 30 30 30 30 30 30 30 30 30 0D
1779554353320,74 34 35 35 38 45 38 46 46 30 37 30 30 39 46 46 46 30 30 30 30 0D
1779554353332,74 34 35 37 38 30 30 30 30 30 32 30 30 36 34 31 34 46 46 46 46 0D
1779554353336,74 34 35 31 38 30 30 30 30 30 30 30 30 30 30 30 30 30 30 30 30 0D
1779554353352,74 34 35 31 38 30 30 30 30 30 30 30 30 30 30 30 30 30 30 30 30 0D
1779554353359,74 34 35 35 38 45 38 46 46 30 37 30 30 39 46 46 46 30 30 30 30 0D
1779554353372,74 34 35 30 38 30 30 30 30 30 37 30 30 30 30 30 30 39 34 30 37 0D
1779554353377,74 34 35 31 38 30 30 30 30 30 30 30 30 30 30 30 30 30 30 30 30 0D
1779554353401,74 34 35 31 38 30 30 30 30 30 30 30 30 30 30 30 30 30 30 30 30 0D
1779554353412,74 34 35 31 38 30 30 30 30 30 30 30 30 30 30 30 30 30 30 30 30 0D
1779554353419,74 34 35 35 38 45 38 46 46 30 37 30 30 39 46 46 46 30 30 30 30 0D
1779554353426,74 34 35 37 38 30 30 30 30 30 33 30 30 36 34 31 34 46 46 46 46 0D
1779554353432,74 34 35 31 38 30 30 30 30 30 30 30 30 30 30 30 30 30 30 30 30 0D
1779554353437,74 34 35 35 38 45 38 46 46 30 37 30 30 39 46 46 46 30 30 30 30 0D
1779554353453,74 34 35 31 38 30 30 30 30 30 30 30 30 30 30 30 30 30 30 30 30 0D
1779554353458,74 34 35 35 38 45 38 46 46 30 37 30 30 39 46 46 46 30 30 30 30 0D
1779554353472,74 34 35 30 38 30 30 30 30 30 37 30 30 30 30 30 30 39 34 30 37 0D
1779554353481,74 34 35 31 38 30 30 30 30 30 30 30 30 30 30 30 30 30 30 30 30 0D
1779554353496,74 34 35 31 38 30 30 30 30 30 30 30 30 30 30 30 30 30 30 30 30 0D
1779554353513,74 34 35 31 38 30 30 30 30 30 30 30 30 30 30 30 30 30 30 30 30 0D
1779554353520,74 34 35 35 38 45 39 46 46 30 36 30 30 39 46 46 46 30 30 30 30 0D
1779554353526,74 34 35 37 38 30 30 30 30 30 32 30 30 36 34 31 34 46 46 46 46 0D
1779554353532,74 34 35 31 38 30 30 30 30 30 30 30 30 30 30 30 30 30 30 30 30 0D
1779554353537,74 34 35 35 38 45 39 46 46 30 36 30 30 39 46 46 46 30 30 30 30 0D
1779554353552,74 34 35 31 38 30 30 30 30 30 30 30 30 30 30 30 30 30 30 30 30 0D
1779554353556,74 34 35 35 38 45 39 46 46 30 36 30 30 39 46 46 46 30 30 30 30 0D
1779554353573,74 34 35 30 38 30 30 30 30 30 37 30 30 30 30 30 30 39 34 30 37 0D
1779554353583,74 34 35 31 38 30 30 30 30 30 30 30 30 30 30 30 30 30 30 30 30 0D
1779554353595,74 34 35 31 38 30 30 30 30 30 30 30 30 30 30 30 30 30 30 30 30 0D
1779554353612,74 34 35 31 38 30 30 30 30 30 30 30 30 30 30 30 30 30 30 30 30 0D
1779554353619,74 34 35 35 38 45 39 46 46 30 36 30 30 39 46 46 46 30 30 30 30 0D
1779554353626,74 34 35 37 38 30 30 30 30 30 33 30 30 36 34 31 34 30 30 30 30 0D
1779554353634,74 34 35 31 38 30 30 30 30 30 30 30 30 30 30 30 30 30 30 30 30 0D
1779554353638,74 34 35 35 38 45 39 46 46 30 36 30 30 39 46 46 46 30 30 30 30 0D
1779554353652,74 34 35 31 38 30 30 30 30 30 30 30 30 30 30 30 30 30 30 30 30 0D
1779554353659,74 34 35 35 38 45 39 46 46 30 36 30 30 39 46 46 46 30 30 30 30 0D
1779554353672,74 34 35 30 38 30 30 30 30 30 37 30 30 30 30 30 30 39 34 30 37 0D
1779554353678,74 34 35 31 38 30 30 30 30 30 30 30 30 30 30 30 30 30 30 30 30 0D
1779554353697,74 34 35 31 38 30 30 30 30 30 30 30 30 30 30 30 30 30 30 30 30 0D
1779554353712,74 34 35 31 38 30 30 30 30 30 30 30 30 30 30 30 30 30 30 30 30 0D
1779554353719,74 34 35 35 38 45 39 46 46 30 36 30 30 39 46 46 46 30 30 30 30 0D
1779554353725,74 34 35 37 38 30 30 30 30 30 32 30 30 36 34 31 34 46 46 46 46 0D
1779554353732,74 34 35 31 38 30 30 30 30 30 30 30 30 30 30 30 30 30 30 30 30 0D
1779554353736,74 34 35 35 38 45 39 46 46 30 36 30 30 39 46 46 46 30 30 30 30 0D
1779554353752,74 34 35 31 38 30 30 30 30 30 30 30 30 30 30 30 30 30 30 30 30 0D
1779554353758,74 34 35 35 38 45 39 46 46 30 36 30 30 39 46 46 46 30 30 30 30 0D
1779554353772,74 34 35 30 38 30 30 30 30 30 37 30 30 30 30 30 30 39 34 30 37 0D
1779554353778,74 34 35 31 38 30 30 30 30 30 30 30 30 30 30 30 30 30 30 30 30 0D
1779554353799,74 34 35 31 38 30 30 30 30 30 30 30 30 30 30 30 30 30 30 30 30 0D
1779554353812,74 34 35 31 38 30 30 30 30 30 30 30 30 30 30 30 30 30 30 30 30 0D
1779554353814,74 34 35 35 38 45 39 46 46 30 36 30 30 39 46 46 46 30 30 30 30 0D
1779554353819,74 34 35 36 38 46 36 46 46 30 37 30 30 30 33 30 30 30 30 30 30 0D
1779554353822,74 34 35 37 38 30 30 30 30 30 32 30 30 36 34 31 34 46 46 46 46 0D
1779554353826,74 34 35 39 38 38 44 39 46 42 45 31 36 31 36 31 35 30 33 42 37 0D
1779554353835,74 34 35 31 38 30 30 30 30 30 30 30 30 30 30 30 30 30 30 30 30 0D
1779554353839,74 34 35 35 38 45 39 46 46 30 36 30 30 39 46 46 46 30 30 30 30 0D
1779554353852,74 34 35 31 38 30 30 30 30 30 30 30 30 30 30 30 30 30 30 30 30 0D
1779554353857,74 34 35 35 38 45 39 46 46 30 36 30 30 39 46 46 46 30 30 30 30 0D
1779554353873,74 34 35 30 38 30 30 30 30 30 37 30 30 30 30 30 30 39 34 30 37 0D
1779554353880,74 34 35 31 38 30 30 30 30 30 30 30 30 30 30 30 30 30 30 30 30 0D
1779554353893,74 34 35 31 38 30 30 30 30 30 30 30 30 30 30 30 30 30 30 30 30 0D
1779554353898,74 34 35 35 38 45 39 46 46 30 37 30 30 39 46 46 46 30 30 30 30 0D
1779554353913,74 34 35 31 38 30 30 30 30 30 30 30 30 30 30 30 30 30 30 30 30 0D
1779554353918,74 34 35 35 38 45 39 46 46 30 37 30 30 39 46 46 46 30 30 30 30 0D
1779554353926,74 34 35 37 38 30 30 30 30 30 32 30 30 36 34 31 34 46 46 46 46 0D
1779554353932,74 34 35 31 38 30 30 30 30 30 30 30 30 30 30 30 30 30 30 30 30 0D
1779554353941,74 34 35 35 38 45 39 46 46 30 37 30 30 39 46 46 46 30 30 30 30 0D
1779554353952,74 34 35 31 38 30 30 30 30 30 30 30 30 30 30 30 30 30 30 30 30 0D
1779554353957,74 34 35 35 38 45 39 46 46 30 37 30 30 39 46 46 46 30 30 30 30 0D
1779554353977,74 34 35 30 38 30 30 30 30 30 37 30 30 30 30 30 30 39 34 30 37 0D
1779554353993,74 34 35 31 38 30 30 30 30 30 30 30 30 30 30 30 30 30 30 30 30 0D
1779554353999,74 34 35 35 38 45 39 46 46 30 37 30 30 39 46 46 46 30 30 30 30 0D
1779554354012,74 34 35 31 38 30 30 30 30 30 30 30 30 30 30 30 30 30 30 30 30 0D
1779554354019,74 34 35 35 38 45 39 46 46 30 37 30 30 39 46 46 46 30 30 30 30 0D
1779554354022,74 34 35 37 38 30 31 30 30 30 32 30 30 36 34 31 34 46 46 46 46 0D
1779554354028,74 34 35 39 38 42 37 39 46 42 45 31 36 35 30 31 35 30 33 42 37 0D
1779554354032,74 34 35 31 38 30 30 30 30 30 30 30 30 30 30 30 30 30 30 30 30 0D
1779554354039,74 34 35 35 38 45 39 46 46 30 37 30 30 39 46 46 46 30 30 30 30 0D
1779554354053,74 34 35 31 38 30 30 30 30 30 30 30 30 30 30 30 30 30 30 30 30 0D
1779554354056,74 34 35 36 38 46 37 46 46 30 36 30 30 30 34 30 30 30 30 30 30 0D
1779554354075,74 34 35 30 38 30 30 30 30 30 37 30 30 30 30 30 30 39 34 30 37 0D
1779554354080,74 34 35 37 38 30 30 30 30 30 32 30 30 36 34 31 34 46 46 46 46 0D 74 34 35 39 38 42 37 39 46 42 45 31 36 35 30 31 35 30 33 42 37 0D
1779554354092,74 34 35 31 38 30 30 30 30 30 30 30 30 30 30 30 30 30 30 30 30 0D
1779554354099,74 34 35 35 38 45 39 46 46 30 36 30 30 39 46 46 46 30 30 30 30 0D
1779554354112,74 34 35 31 38 30 30 30 30 30 30 30 30 30 30 30 30 30 30 30 30 0D
1779554354118,74 34 35 35 38 45 39 46 46 30 36 30 30 39 46 46 46 30 30 30 30 0D
1779554354125,74 34 35 37 38 30 30 30 30 30 33 30 30 36 34 31 34 46 46 46 46 0D
1779554354132,74 34 35 31 38 30 30 30 30 30 30 30 30 30 30 30 30 30 30 30 30 0D
1779554354137,74 34 35 35 38 45 39 46 46 30 36 30 30 39 46 46 46 30 30 30 30 0D
1779554354152,74 34 35 31 38 30 30 30 30 30 30 30 30 30 30 30 30 30 30 30 30 0D
1779554354157,74 34 35 35 38 45 39 46 46 30 36 30 30 39 46 46 46 30 30 30 30 0D
1779554354179,74 34 35 30 38 30 30 30 30 30 37 30 30 30 30 30 30 39 34 30 37 0D
1779554354193,74 34 35 31 38 30 30 30 30 30 30 30 30 30 30 30 30 30 30 30 30 0D
1779554354200,74 34 35 36 38 46 37 46 46 30 36 30 30 30 34 30 30 30 30 30 30 0D
1779554354221,74 34 35 31 38 30 30 30 30 30 30 30 30 30 30 30 30 30 30 30 30 0D
1779554354225,74 34 35 37 38 30 30 30 30 30 32 30 30 36 34 31 34 46 46 46 46 0D
1779554354232,74 34 35 31 38 30 30 30 30 30 30 30 30 30 30 30 30 30 30 30 30 0D
1779554354240,74 34 35 35 38 45 39 46 46 30 36 30 30 39 46 46 46 30 30 30 30 0D
1779554354252,74 34 35 31 38 30 30 30 30 30 30 30 30 30 30 30 30 30 30 30 30 0D
1779554354258,74 34 35 35 38 45 39 46 46 30 36 30 30 39 46 46 46 30 30 30 30 0D
1779554354276,74 34 35 30 38 30 30 30 30 30 37 30 30 30 30 30 30 39 34 30 37 0D
1779554354293,74 34 35 31 38 30 30 30 30 30 30 30 30 30 30 30 30 30 30 30 30 0D
1779554354300,74 34 35 35 38 45 39 46 46 30 37 30 30 41 30 46 46 30 30 30 30 0D
1779554354312,74 34 35 31 38 30 30 30 30 30 30 30 30 30 30 30 30 30 30 30 30 0D
1779554354318,74 34 35 35 38 45 39 46 46 30 37 30 30 41 30 46 46 30 30 30 30 0D
1779554354324,74 34 35 37 38 30 30 30 30 30 32 30 30 36 34 31 34 46 46 46 46 0D
1779554354333,74 34 35 31 38 30 30 30 30 30 30 30 30 30 30 30 30 30 30 30 30 0D
1779554354338,74 34 35 35 38 45 39 46 46 30 37 30 30 41 30 46 46 30 30 30 30 0D
1779554354353,74 34 35 31 38 30 30 30 30 30 30 30 30 30 30 30 30 30 30 30 30 0D
1779554354357,74 34 35 35 38 45 39 46 46 30 37 30 30 41 30 46 46 30 30 30 30 0D
1779554354374,74 34 35 30 38 30 30 30 30 30 37 30 30 30 30 30 30 39 34 30 37 0D
1779554354380,74 34 35 31 38 30 30 30 30 30 30 30 30 30 30 30 30 30 30 30 30 0D
1779554354394,74 34 35 31 38 30 30 30 30 30 30 30 30 30 30 30 30 30 30 30 30 0D
1779554354400,74 34 35 35 38 45 39 46 46 30 37 30 30 41 30 46 46 30 30 30 30 0D
1779554354414,74 34 35 31 38 30 30 30 30 30 30 30 30 30 30 30 30 30 30 30 30 0D
1779554354417,74 34 35 35 38 45 39 46 46 30 37 30 30 41 30 46 46 30 30 30 30 0D
1779554354422,74 34 35 37 38 30 30 30 30 30 33 30 30 36 34 31 34 46 46 46 46 0D
1779554354427,74 34 35 39 38 30 39 41 30 42 45 31 36 43 31 31 35 30 33 42 37 0D
1779554354432,74 34 35 31 38 30 30 30 30 30 30 30 30 30 30 30 30 30 30 30 30 0D
1779554354437,74 34 35 35 38 45 39 46 46 30 37 30 30 41 30 46 46 30 30 30 30 0D
1779554354452,74 34 35 31 38 30 30 30 30 30 30 30 30 30 30 30 30 30 30 30 30 0D
1779554354457,74 34 35 35 38 45 39 46 46 30 37 30 30 41 30 46 46 30 30 30 30 0D
1779554354472,74 34 35 30 38 30 30 30 30 30 37 30 30 30 30 30 30 39 34 30 37 0D
1779554354483,74 34 35 31 38 30 30 30 30 30 30 30 30 30 30 30 30 30 30 30 30 0D
1779554354493,74 34 35 31 38 30 30 30 30 30 30 30 30 30 30 30 30 30 30 30 30 0D
1779554354498,74 34 35 35 38 45 38 46 46 30 37 30 30 41 30 46 46 30 30 30 30 0D
1779554354513,74 34 35 31 38 30 30 30 30 30 30 30 30 30 30 30 30 30 30 30 30 0D
1779554354517,74 34 35 35 38 45 38 46 46 30 37 30 30 41 30 46 46 30 30 30 30 0D
1779554354522,74 34 35 37 38 30 30 30 30 30 33 30 30 36 34 31 34 46 46 46 46 0D
1779554354527,74 34 35 39 38 32 30 41 30 42 45 31 36 44 38 31 35 30 33 42 37 0D
1779554354532,74 34 35 31 38 30 30 30 30 30 30 30 30 30 30 30 30 30 30 30 30 0D
1779554354536,74 34 35 35 38 45 38 46 46 30 37 30 30 41 30 46 46 30 30 30 30 0D
1779554354552,74 34 35 31 38 30 30 30 30 30 30 30 30 30 30 30 30 30 30 30 30 0D
1779554354554,74 34 35 35 38 45 38 46 46 30 37 30 30 41 30 46 46 30 30 30 30 0D
1779554354559,74 34 35 36 38 46 36 46 46 30 37 30 30 30 34 30 30 30 30 30 30 0D
1779554354576,74 34 35 30 38 30 30 30 30 30 37 30 30 30 30 30 30 39 34 30 37 0D
1779554354582,30 0D 74 34 35 35 38 45 38 46 46 30 37 30 30 41 30 46 46 30 30 30 30 0D 74 34 35 36 38 46 36 46 46 30 37 30 30 30 34 30 30 30 30 30 30 0D 74 34 35 37 38 30 30 30 30 30 33 30 30 36 34 31 34 46
1779554354592,74 34 35 31 38 30 30 30 30 30 30 30 30 30 30 30 30 30 30 30 30 0D
1779554354597,74 34 35 35 38 45 38 46 46 30 37 30 30 41 30 46 46 30 30 30 30 0D
1779554354612,74 34 35 31 38 30 30 30 30 30 30 30 30 30 30 30 30 30 30 30 30 0D
1779554354617,74 34 35 35 38 45 38 46 46 30 37 30 30 41 30 46 46 30 30 30 30 0D
1779554354624,74 34 35 37 38 30 30 30 30 30 32 30 30 36 34 31 34 46 46 46 46 0D
1779554354638,74 34 35 31 38 30 30 30 30 30 30 30 30 30 30 30 30 30 30 30 30 0D
1779554354654,74 34 35 31 38 30 30 30 30 30 30 30 30 30 30 30 30 30 30 30 30 0D
1779554354673,74 34 35 30 38 30 30 30 30 30 37 30 30 30 30 30 30 39 34 30 37 0D
1779554354679,74 34 35 32 38 38 43 30 30 30 30 30 30 30 30 30 30 30 30 30 30 0D
1779554354692,74 34 35 31 38 30 30 30 30 30 30 30 30 30 30 30 30 30 30 30 30 0D
1779554354699,74 34 35 35 38 45 38 46 46 30 37 30 30 39 46 46 46 30 30 30 30 0D
1779554354713,74 34 35 31 38 30 30 30 30 30 30 30 30 30 30 30 30 30 30 30 30 0D
1779554354718,74 34 35 35 38 45 38 46 46 30 37 30 30 39 46 46 46 30 30 30 30 0D
1779554354727,74 34 35 37 38 30 30 30 30 30 32 30 30 36 34 31 34 46 46 46 46 0D
1779554354738,74 34 35 31 38 30 30 30 30 30 30 30 30 30 30 30 30 30 30 30 30 0D
1779554354759,74 34 35 31 38 30 30 30 30 30 30 30 30 30 30 30 30 30 30 30 30 0D
1779554354772,74 34 35 30 38 30 30 30 30 30 37 30 30 30 30 30 30 39 34 30 37 0D
1779554354784,74 34 35 31 38 30 30 30 30 30 30 30 30 30 30 30 30 30 30 30 30 0D
1779554354794,74 34 35 31 38 30 30 30 30 30 30 30 30 30 30 30 30 30 30 30 30 0D
1779554354812,74 34 35 31 38 30 30 30 30 30 30 30 30 30 30 30 30 30 30 30 30 0D
1779554354818,74 34 35 35 38 45 38 46 46 30 37 30 30 39 46 46 46 30 30 30 30 0D
1779554354823,74 34 35 37 38 30 30 30 30 30 31 30 30 36 34 31 34 46 46 46 46 0D
1779554354830,74 34 35 39 38 35 42 41 30 42 45 31 36 31 42 31 36 30 33 42 37 0D
1779554354839,74 34 35 31 38 30 30 30 30 30 30 30 30 30 30 30 30 30 30 30 30 0D
1779554354852,74 34 35 31 38 30 30 30 30 30 30 30 30 30 30 30 30 30 30 30 30 0D
1779554354857,74 34 35 35 38 45 38 46 46 30 37 30 30 39 46 46 46 30 30 30 30 0D
1779554354872,74 34 35 30 38 30 30 30 30 30 37 30 30 30 30 30 30 39 34 30 37 0D
1779554354881,74 34 35 31 38 30 30 30 30 30 30 30 30 30 30 30 30 30 30 30 30 0D
1779554354892,74 34 35 31 38 30 30 30 30 30 30 30 30 30 30 30 30 30 30 30 30 0D
1779554354897,74 34 35 35 38 45 38 46 46 30 37 30 30 39 46 46 46 30 30 30 30 0D
1779554354913,74 34 35 31 38 30 30 30 30 30 30 30 30 30 30 30 30 30 30 30 30 0D
1779554354916,74 34 35 35 38 45 38 46 46 30 37 30 30 39 46 46 46 30 30 30 30 0D
1779554354923,74 34 35 37 38 30 30 30 30 30 31 30 30 36 34 31 34 46 46 46 46 0D
1779554354930,74 34 35 39 38 36 42 41 30 42 45 31 36 32 45 31 36 30 33 42 37 0D
1779554354938,74 34 35 31 38 30 30 30 30 30 30 30 30 30 30 30 30 30 30 30 30 0D
1779554354952,74 34 35 31 38 30 30 30 30 30 30 30 30 30 30 30 30 30 30 30 30 0D
1779554354957,74 34 35 35 38 45 38 46 46 30 37 30 30 39 46 46 46 30 30 30 30 0D
1779554354972,74 34 35 30 38 30 30 30 30 30 37 30 30 30 30 30 30 39 34 30 37 0D
1779554354980,74 34 35 31 38 30 30 30 30 30 30 30 30 30 30 30 30 30 30 30 30 0D
1779554354992,74 34 35 31 38 30 30 30 30 30 30 30 30 30 30 30 30 30 30 30 30 0D
1779554354997,74 34 35 35 38 45 38 46 46 30 37 30 30 39 46 46 46 30 30 30 30 0D
1779554355012,74 34 35 31 38 30 30 30 30 30 30 30 30 30 30 30 30 30 30 30 30 0D
1779554355017,74 34 35 35 38 45 38 46 46 30 37 30 30 39 46 46 46 30 30 30 30 0D
1779554355023,74 34 35 37 38 30 30 30 30 30 32 30 30 36 34 31 34 30 30 30 30 0D
1779554355037,74 34 35 31 38 30 30 30 30 30 30 30 30 30 30 30 30 30 30 30 30 0D
1779554355052,74 34 35 31 38 30 30 30 30 30 30 30 30 30 30 30 30 30 30 30 30 0D
1779554355058,74 34 35 35 38 45 38 46 46 30 37 30 30 39 46 46 46 30 30 30 30 0D
1779554355073,74 34 35 30 38 30 30 30 30 30 37 30 30 30 30 30 30 39 34 30 37 0D
1779554355078,74 34 35 31 38 30 30 30 30 30 30 30 30 30 30 30 30 30 30 30 30 0D
1779554355083,74 34 35 32 38 38 43 30 30 30 30 30 30 30 30 30 30 32 37 30 30 0D 74 34 35 33 38 35 35 30 30 30 30 30 30 30 30 30 30 30 30 30 30 0D 74 34 35 34 38 30 31 30 30 30 30 30 30 30 30 30 30 30 30 30
1779554355096,74 34 35 31 38 30 30 30 30 30 30 30 30 30 30 30 30 30 30 30 30 0D
1779554355101,74 34 35 35 38 45 39 46 46 30 36 30 30 39 46 46 46 30 30 30 30 0D
1779554355115,74 34 35 31 38 30 30 30 30 30 30 30 30 30 30 30 30 30 30 30 30 0D
1779554355120,74 34 35 36 38 46 37 46 46 30 36 30 30 30 33 30 30 30 30 30 30 0D
1779554355122,74 34 35 37 38 30 30 30 30 30 32 30 30 36 34 31 34 30 30 30 30 0D
1779554355126,74 34 35 39 38 39 31 41 30 42 45 31 36 35 34 31 36 30 33 42 37 0D
1779554355137,74 34 35 31 38 30 30 30 30 30 30 30 30 30 30 30 30 30 30 30 30 0D
1779554355143,74 34 35 35 38 45 39 46 46 30 36 30 30 39 46 46 46 30 30 30 30 0D
1779554355152,74 34 35 31 38 30 30 30 30 30 30 30 30 30 30 30 30 30 30 30 30 0D
1779554355157,74 34 35 35 38 45 39 46 46 30 36 30 30 39 46 46 46 30 30 30 30 0D
1779554355172,74 34 35 30 38 30 30 30 30 30 37 30 30 30 30 30 30 39 34 30 37 0D
1779554355181,74 34 35 31 38 30 30 30 30 30 30 30 30 30 30 30 30 30 30 30 30 0D
1779554355194,74 34 35 31 38 30 30 30 30 30 30 30 30 30 30 30 30 30 30 30 30 0D
1779554355201,74 34 35 35 38 45 39 46 46 30 36 30 30 39 46 46 46 30 30 30 30 0D
1779554355212,74 34 35 31 38 30 30 30 30 30 30 30 30 30 30 30 30 30 30 30 30 0D
1779554355216,74 34 35 35 38 45 39 46 46 30 36 30 30 39 46 46 46 30 30 30 30 0D
1779554355222,74 34 35 37 38 30 30 30 30 30 32 30 30 36 34 31 34 30 30 30 30 0D
1779554355225,74 34 35 39 38 41 32 41 30 42 45 31 36 36 35 31 36 30 33 42 37 0D
1779554355236,74 34 35 31 38 30 30 30 30 30 30 30 30 30 30 30 30 30 30 30 30 0D
1779554355253,74 34 35 31 38 30 30 30 30 30 30 30 30 30 30 30 30 30 30 30 30 0D
1779554355258,74 34 35 35 38 45 39 46 46 30 36 30 30 39 46 46 46 30 30 30 30 0D
1779554355272,74 34 35 30 38 30 30 30 30 30 37 30 30 30 30 30 30 39 34 30 37 0D
1779554355279,74 34 35 31 38 30 30 30 30 30 30 30 30 30 30 30 30 30 30 30 30 0D
1779554355292,74 34 35 31 38 30 30 30 30 30 30 30 30 30 30 30 30 30 30 30 30 0D
1779554355298,74 34 35 35 38 45 38 46 46 30 37 30 30 39 46 46 46 30 30 30 30 0D
1779554355312,74 34 35 31 38 30 30 30 30 30 30 30 30 30 30 30 30 30 30 30 30 0D
1779554355319,74 34 35 35 38 45 38 46 46 30 37 30 30 39 46 46 46 30 30 30 30 0D
1779554355324,74 34 35 37 38 30 30 30 30 30 34 30 30 36 34 31 34 46 45 46 46 0D
1779554355333,74 34 35 31 38 30 30 30 30 30 30 30 30 30 30 30 30 30 30 30 30 0D
1779554355338,74 34 35 36 38 46 37 46 46 30 36 30 30 30 33 30 30 30 30 30 30 0D
1779554355352,74 34 35 31 38 30 30 30 30 30 30 30 30 30 30 30 30 30 30 30 30 0D
1779554355356,74 34 35 35 38 45 38 46 46 30 37 30 30 39 46 46 46 30 30 30 30 0D
1779554355372,74 34 35 30 38 30 30 30 30 30 37 30 30 30 30 30 30 39 34 30 37 0D
1779554355380,74 34 35 31 38 30 30 30 30 30 30 30 30 30 30 30 30 30 30 30 30 0D
1779554355396,74 34 35 31 38 30 30 30 30 30 30 30 30 30 30 30 30 30 30 30 30 0D
1779554355420,74 34 35 31 38 30 30 30 30 30 30 30 30 30 30 30 30 30 30 30 30 0D
1779554355427,74 34 35 37 38 30 30 30 30 30 32 30 30 36 34 31 34 46 46 46 46 0D
1779554355432,74 34 35 31 38 30 30 30 30 30 30 30 30 30 30 30 30 30 30 30 30 0D
1779554355437,74 34 35 35 38 45 38 46 46 30 37 30 30 39 46 46 46 30 30 30 30 0D
1779554355452,74 34 35 31 38 30 30 30 30 30 30 30 30 30 30 30 30 30 30 30 30 0D
1779554355458,74 34 35 35 38 45 38 46 46 30 37 30 30 39 46 46 46 30 30 30 30 0D
1779554355472,74 34 35 30 38 30 30 30 30 30 37 30 30 30 30 30 30 39 34 30 37 0D
1779554355479,74 34 35 31 38 30 30 30 30 30 30 30 30 30 30 30 30 30 30 30 30 0D
1779554355495,74 34 35 31 38 30 30 30 30 30 30 30 30 30 30 30 30 30 30 30 30 0D
1779554355498,74 34 35 35 38 45 38 46 46 30 36 30 30 41 30 46 46 30 30 30 30 0D
1779554355512,74 34 35 31 38 30 30 30 30 30 30 30 30 30 30 30 30 30 30 30 30 0D
1779554355518,74 34 35 35 38 45 38 46 46 30 36 30 30 41 30 46 46 30 30 30 30 0D
1779554355522,74 34 35 37 38 30 30 30 30 30 32 30 30 36 34 31 34 30 30 30 30 0D
1779554355528,74 34 35 39 38 44 31 41 30 42 45 31 36 41 31 31 36 30 33 42 37 0D
1779554355540,74 34 35 31 38 30 30 30 30 30 30 30 30 30 30 30 30 30 30 30 30 0D
1779554355552,74 34 35 31 38 30 30 30 30 30 30 30 30 30 30 30 30 30 30 30 30 0D
1779554355556,74 34 35 35 38 45 38 46 46 30 36 30 30 41 30 46 46 30 30 30 30 0D
1779554355572,74 34 35 30 38 30 30 30 30 30 37 30 30 30 30 30 30 39 34 30 37 0D
1779554355582,74 34 35 31 38 30 30 30 30 30 30 30 30 30 30 30 30 30 30 30 30 0D
1779554355593,74 34 35 31 38 30 30 30 30 30 30 30 30 30 30 30 30 30 30 30 30 0D
1779554355597,74 34 35 35 38 45 38 46 46 30 36 30 30 41 30 46 46 30 30 30 30 0D
1779554355613,74 34 35 31 38 30 30 30 30 30 30 30 30 30 30 30 30 30 30 30 30 0D
1779554355617,74 34 35 35 38 45 38 46 46 30 36 30 30 41 30 46 46 30 30 30 30 0D
1779554355622,74 34 35 37 38 30 30 30 30 30 32 30 30 36 34 31 34 46 46 46 46 0D
1779554355628,74 34 35 39 38 44 45 41 30 42 45 31 36 42 32 31 36 30 33 42 37 0D
1779554355633,74 34 35 31 38 30 30 30 30 30 30 30 30 30 30 30 30 30 30 30 30 0D
1779554355653,74 34 35 31 38 30 30 30 30 30 30 30 30 30 30 30 30 30 30 30 30 0D
1779554355659,74 34 35 35 38 45 38 46 46 30 36 30 30 41 30 46 46 30 30 30 30 0D
1779554355676,74 34 35 30 38 30 30 30 30 30 37 30 30 30 30 30 30 39 34 30 37 0D
1779554355685,74 34 35 31 38 30 30 30 30 30 30 30 30 30 30 30 30 30 30 30 30 0D
1779554355694,74 34 35 31 38 30 30 30 30 30 30 30 30 30 30 30 30 30 30 30 30 0D
1779554355719,74 34 35 31 38 30 30 30 30 30 30 30 30 30 30 30 30 30 30 30 30 0D
1779554355723,74 34 35 37 38 30 30 30 30 30 32 30 30 36 34 31 34 30 30 30 30 0D
1779554355727,74 34 35 39 38 45 38 41 30 42 45 31 36 42 44 31 36 30 33 42 37 0D
1779554355733,74 34 35 31 38 30 30 30 30 30 30 30 30 30 30 30 30 30 30 30 30 0D
1779554355738,74 34 35 36 38 46 38 46 46 30 37 30 30 30 33 30 30 30 30 30 30 0D
1779554355752,74 34 35 31 38 30 30 30 30 30 30 30 30 30 30 30 30 30 30 30 30 0D
1779554355758,74 34 35 35 38 45 39 46 46 30 37 30 30 39 46 46 46 30 30 30 30 0D
1779554355772,74 34 35 30 38 30 30 30 30 30 37 30 30 30 30 30 30 39 34 30 37 0D
1779554355780,74 34 35 31 38 30 30 30 30 30 30 30 30 30 30 30 30 30 30 30 30 0D
1779554355794,74 34 35 31 38 30 30 30 30 30 30 30 30 30 30 30 30 30 30 30 30 0D
1779554355801,74 34 35 35 38 45 39 46 46 30 37 30 30 39 46 46 46 30 30 30 30 0D
1779554355812,74 34 35 31 38 30 30 30 30 30 30 30 30 30 30 30 30 30 30 30 30 0D
1779554355817,74 34 35 35 38 45 39 46 46 30 37 30 30 39 46 46 46 30 30 30 30 0D
1779554355822,74 34 35 37 38 30 30 30 30 30 30 30 30 36 34 31 34 46 46 46 46 0D
1779554355826,74 34 35 39 38 45 38 41 30 42 45 31 36 42 44 31 36 30 33 42 37 0D
1779554355833,74 34 35 31 38 30 30 30 30 30 30 30 30 30 30 30 30 30 30 30 30 0D
1779554355837,74 34 35 35 38 45 39 46 46 30 37 30 30 39 46 46 46 30 30 30 30 0D
1779554355852,74 34 35 31 38 30 30 30 30 30 30 30 30 30 30 30 30 30 30 30 30 0D
1779554355860,74 34 35 35 38 45 39 46 46 30 37 30 30 39 46 46 46 30 30 30 30 0D
1779554355873,74 34 35 30 38 30 30 30 30 30 37 30 30 30 30 30 30 39 34 30 37 0D
1779554355880,74 34 35 31 38 30 30 30 30 30 30 30 30 30 30 30 30 30 30 30 30 0D
1779554355892,74 34 35 31 38 30 30 30 30 30 30 30 30 30 30 30 30 30 30 30 30 0D
1779554355897,74 34 35 35 38 45 38 46 46 30 37 30 30 39 46 46 46 30 30 30 30 0D
1779554355912,74 34 35 31 38 30 30 30 30 30 30 30 30 30 30 30 30 30 30 30 30 0D
1779554355917,74 34 35 35 38 45 38 46 46 30 37 30 30 39 46 46 46 30 30 30 30 0D
1779554355936,74 34 35 37 38 30 30 30 30 30 30 30 30 36 34 31 34 46 45 46 46 0D
1779554355941,74 34 35 36 38 46 37 46 46 30 37 30 30 30 33 30 30 30 30 30 30 0D
1779554355954,74 34 35 31 38 30 30 30 30 30 30 30 30 30 30 30 30 30 30 30 30 0D
1779554355956,74 34 35 35 38 45 38 46 46 30 37 30 30 39 46 46 46 30 30 30 30 0D
1779554355973,74 34 35 30 38 30 30 30 30 30 37 30 30 30 30 30 30 39 34 30 37 0D
1779554355981,74 34 35 31 38 30 30 30 30 30 30 30 30 30 30 30 30 30 30 30 30 0D
1779554355992,74 34 35 31 38 30 30 30 30 30 30 30 30 30 30 30 30 30 30 30 30 0D
1779554355998,74 34 35 35 38 45 38 46 46 30 37 30 30 39 46 46 46 30 30 30 30 0D
1779554356012,74 34 35 31 38 30 30 30 30 30 30 30 30 30 30 30 30 30 30 30 30 0D
1779554356016,74 34 35 35 38 45 38 46 46 30 37 30 30 39 46 46 46 30 30 30 30 0D
1779554356022,74 34 35 37 38 30 30 30 30 30 30 30 30 36 34 31 34 30 30 30 30 0D
1779554356027,74 34 35 39 38 45 38 41 30 42 45 31 36 42 44 31 36 30 33 42 37 0D
1779554356034,74 34 35 31 38 30 30 30 30 30 30 30 30 30 30 30 30 30 30 30 30 0D
1779554356052,74 34 35 31 38 30 30 30 30 30 30 30 30 30 30 30 30 30 30 30 30 0D
1779554356060,74 34 35 35 38 45 38 46 46 30 37 30 30 39 46 46 46 30 30 30 30 0D
1779554356073,74 34 35 30 38 30 30 30 30 30 37 30 30 30 30 30 30 39 34 30 37 0D
1779554356078,74 34 35 31 38 30 30 30 30 30 30 30 30 30 30 30 30 30 30 30 30 0D
1779554356092,74 34 35 31 38 30 30 30 30 30 30 30 30 30 30 30 30 30 30 30 30 0D
1779554356099,74 34 35 35 38 45 39 46 46 30 36 30 30 39 46 46 46 30 30 30 30 0D
1779554356120,74 34 35 31 38 30 30 30 30 30 30 30 30 30 30 30 30 30 30 30 30 0D
1779554356128,74 34 35 37 38 30 30 30 30 30 31 30 30 36 34 31 34 30 30 30 30 0D
1779554356135,74 34 35 31 38 30 30 30 30 30 30 30 30 30 30 30 30 30 30 30 30 0D
1779554356156,74 34 35 31 38 30 30 30 30 30 30 30 30 30 30 30 30 30 30 30 30 0D
1779554356159,74 34 35 35 38 45 39 46 46 30 36 30 30 39 46 46 46 30 30 30 30 0D
1779554356172,74 34 35 30 38 30 30 30 30 30 37 30 30 30 30 30 30 39 34 30 37 0D
1779554356180,74 34 35 31 38 30 30 30 30 30 30 30 30 30 30 30 30 30 30 30 30 0D
1779554356192,74 34 35 31 38 30 30 30 30 30 30 30 30 30 30 30 30 30 30 30 30 0D
1779554356196,74 34 35 35 38 45 39 46 46 30 36 30 30 39 46 46 46 30 30 30 30 0D
1779554356217,74 34 35 31 38 30 30 30 30 30 30 30 30 30 30 30 30 30 30 30 30 0D
1779554356224,74 34 35 37 38 30 30 30 30 30 31 30 30 36 34 31 34 30 30 30 30 0D
1779554356229,74 34 35 39 38 45 38 41 30 42 45 31 36 45 36 31 36 30 33 42 37 0D
1779554356236,74 34 35 31 38 30 30 30 30 30 30 30 30 30 30 30 30 30 30 30 30 0D
1779554356252,74 34 35 31 38 30 30 30 30 30 30 30 30 30 30 30 30 30 30 30 30 0D
1779554356261,74 34 35 35 38 45 39 46 46 30 36 30 30 39 46 46 46 30 30 30 30 0D
1779554356276,74 34 35 30 38 30 30 30 30 30 37 30 30 30 30 30 30 39 34 30 37 0D
1779554356281,74 34 35 31 38 30 30 30 30 30 30 30 30 30 30 30 30 30 30 30 30 0D
1779554356293,74 34 35 31 38 30 30 30 30 30 30 30 30 30 30 30 30 30 30 30 30 0D
1779554356297,74 34 35 35 38 45 38 46 46 30 36 30 30 39 46 46 46 30 30 30 30 0D
1779554356323,74 34 35 31 38 30 30 30 30 30 30 30 30 30 30 30 30 30 30 30 30 0D
1779554356328,74 34 35 39 38 45 41 41 30 42 45 31 36 46 38 31 36 30 33 42 37 0D
1779554356334,74 34 35 31 38 30 30 30 30 30 30 30 30 30 30 30 30 30 30 30 30 0D
1779554356338,74 34 35 36 38 46 37 46 46 30 37 30 30 30 33 30 30 30 30 30 30 0D
1779554356352,74 34 35 31 38 30 30 30 30 30 30 30 30 30 30 30 30 30 30 30 30 0D
1779554356357,74 34 35 35 38 45 38 46 46 30 36 30 30 39 46 46 46 30 30 30 30 0D
1779554356374,74 34 35 30 38 30 30 30 30 30 37 30 30 30 30 30 30 39 34 30 37 0D
1779554356382,74 34 35 31 38 30 30 30 30 30 30 30 30 30 30 30 30 30 30 30 30 0D
1779554356393,74 34 35 31 38 30 30 30 30 30 30 30 30 30 30 30 30 30 30 30 30 0D
1779554356416,74 34 35 31 38 30 30 30 30 30 30 30 30 30 30 30 30 30 30 30 30 0D
1779554356422,74 34 35 37 38 30 30 30 30 30 31 30 30 36 34 31 34 46 46 46 46 0D
1779554356427,74 34 35 39 38 45 43 41 30 42 45 31 36 30 38 31 37 30 33 42 37 0D
1779554356435,74 34 35 31 38 30 30 30 30 30 30 30 30 30 30 30 30 30 30 30 30 0D
1779554356459,74 34 35 31 38 30 30 30 30 30 30 30 30 30 30 30 30 30 30 30 30 0D
1779554356464,74 34 35 36 38 46 37 46 46 30 37 30 30 30 33 30 30 30 30 30 30 0D
1779554356474,74 34 35 30 38 30 30 30 30 30 37 30 30 30 30 30 30 39 34 30 37 0D
1779554356481,74 34 35 31 38 30 30 30 30 30 30 30 30 30 30 30 30 30 30 30 30 0D
1779554356492,74 34 35 31 38 30 30 30 30 30 30 30 30 30 30 30 30 30 30 30 30 0D
1779554356497,74 34 35 35 38 45 38 46 46 30 37 30 30 39 46 46 46 30 30 30 30 0D
1779554356514,74 34 35 31 38 30 30 30 30 30 30 30 30 30 30 30 30 30 30 30 30 0D
1779554356523,74 34 35 37 38 30 30 30 30 30 32 30 30 36 34 31 34 46 46 46 46 0D
1779554356527,74 34 35 39 38 45 45 41 30 42 45 31 36 31 41 31 37 30 33 42 37 0D
1779554356533,74 34 35 31 38 30 30 30 30 30 30 30 30 30 30 30 30 30 30 30 30 0D
1779554356537,74 34 35 35 38 45 38 46 46 30 37 30 30 39 46 46 46 30 30 30 30 0D
1779554356555,74 34 35 31 38 30 30 30 30 30 30 30 30 30 30 30 30 30 30 30 30 0D
1779554356562,74 34 35 35 38 45 38 46 46 30 37 30 30 39 46 46 46 30 30 30 30 0D
1779554356574,74 34 35 30 38 30 30 30 30 30 37 30 30 30 30 30 30 39 34 30 37 0D
1779554356578,74 34 35 32 38 38 43 30 30 30 30 30 30 30 30 30 30 32 37 30 30 0D 74 34 35 33 38 35 42 30 30 30 30 30 30 30 30 30 30 30 30 30 30 0D
1779554356594,74 34 35 31 38 30 30 30 30 30 30 30 30 30 30 30 30 30 30 30 30 0D
1779554356599,74 34 35 35 38 45 38 46 46 30 37 30 30 39 46 46 46 30 30 30 30 0D
1779554356622,74 34 35 31 38 30 30 30 30 30 30 30 30 30 30 30 30 30 30 30 30 0D
1779554356629,74 34 35 37 38 30 30 30 30 30 31 30 30 36 34 31 34 46 46 46 46 0D
1779554356634,74 34 35 31 38 30 30 30 30 30 30 30 30 30 30 30 30 30 30 30 30 0D
1779554356652,74 34 35 31 38 30 30 30 30 30 30 30 30 30 30 30 30 30 30 30 30 0D
1779554356656,74 34 35 35 38 45 38 46 46 30 37 30 30 39 46 46 46 30 30 30 30 0D
1779554356674,74 34 35 30 38 30 30 30 30 30 37 30 30 30 30 30 30 39 34 30 37 0D
1779554356686,74 34 35 31 38 30 30 30 30 30 30 30 30 30 30 30 30 30 30 30 30 0D
1779554356695,74 34 35 31 38 30 30 30 30 30 30 30 30 30 30 30 30 30 30 30 30 0D
1779554356716,74 34 35 31 38 30 30 30 30 30 30 30 30 30 30 30 30 30 30 30 30 0D
1779554356722,74 34 35 37 38 30 30 30 30 30 31 30 30 36 34 31 34 30 30 30 30 0D
1779554356728,74 34 35 39 38 46 35 41 30 42 45 31 36 33 35 31 37 30 33 42 37 0D
1779554356741,74 34 35 31 38 30 30 30 30 30 30 30 30 30 30 30 30 30 30 30 30 0D
1779554356752,74 34 35 31 38 30 30 30 30 30 30 30 30 30 30 30 30 30 30 30 30 0D
1779554356757,74 34 35 35 38 45 38 46 46 30 36 30 30 41 30 46 46 30 30 30 30 0D
1779554356765,74 34 35 36 38 46 36 46 46 30 37 30 30 30 34 30 30 30 30 30 30 0D
1779554356777,74 34 35 30 38 30 30 30 30 30 37 30 30 30 30 30 30 39 34 30 37 0D
1779554356782,30 0D 74 34 35 35 38 45 38 46 46 30 36 30 30 41 30 46 46 30 30 30 30 0D 74 34 35 36 38 46 36 46 46 30 37 30 30 30 34 30 30 30 30 30 30 0D 74 34 35 37 38 30 30 30 30 30 31 30 30 36 34 31 34 46
1779554356793,74 34 35 31 38 30 30 30 30 30 30 30 30 30 30 30 30 30 30 30 30 0D
1779554356812,74 34 35 31 38 30 30 30 30 30 30 30 30 30 30 30 30 30 30 30 30 0D
1779554356818,74 34 35 35 38 45 38 46 46 30 36 30 30 41 30 46 46 30 30 30 30 0D
1779554356822,74 34 35 37 38 30 30 30 30 30 30 30 30 36 34 31 34 46 46 46 46 0D
1779554356827,74 34 35 39 38 46 35 41 30 42 45 31 36 33 35 31 37 30 33 42 37 0D
1779554356834,74 34 35 31 38 30 30 30 30 30 30 30 30 30 30 30 30 30 30 30 30 0D
1779554356852,74 34 35 31 38 30 30 30 30 30 30 30 30 30 30 30 30 30 30 30 30 0D
1779554356856,74 34 35 35 38 45 38 46 46 30 36 30 30 41 30 46 46 30 30 30 30 0D
1779554356872,74 34 35 30 38 30 30 30 30 30 37 30 30 30 30 30 30 39 34 30 37 0D
1779554356881,74 34 35 31 38 30 30 30 30 30 30 30 30 30 30 30 30 30 30 30 30 0D
1779554356892,74 34 35 31 38 30 30 30 30 30 30 30 30 30 30 30 30 30 30 30 30 0D
1779554356898,74 34 35 35 38 45 38 46 46 30 37 30 30 39 46 46 46 30 30 30 30 0D
1779554356918,74 34 35 31 38 30 30 30 30 30 30 30 30 30 30 30 30 30 30 30 30 0D
1779554356926,74 34 35 37 38 30 30 30 30 30 31 30 30 36 34 31 34 46 46 46 46 0D
1779554356932,74 34 35 31 38 30 30 30 30 30 30 30 30 30 30 30 30 30 30 30 30 0D
1779554356938,74 34 35 35 38 45 38 46 46 30 37 30 30 39 46 46 46 30 30 30 30 0D
1779554356953,74 34 35 31 38 30 30 30 30 30 30 30 30 30 30 30 30 30 30 30 30 0D
1779554356957,74 34 35 35 38 45 38 46 46 30 37 30 30 39 46 46 46 30 30 30 30 0D
1779554356974,74 34 35 30 38 30 30 30 30 30 37 30 30 30 30 30 30 39 34 30 37 0D
1779554356981,74 34 35 32 38 38 43 30 30 30 30 30 30 30 30 30 30 32 37 30 30 0D 74 34 35 33 38 35 44 30 30 30 30 30 30 30 30 30 30 30 30 30 30 0D
1779554357000,74 34 35 31 38 30 30 30 30 30 30 30 30 30 30 30 30 30 30 30 30 0D
1779554357013,74 34 35 31 38 30 30 30 30 30 30 30 30 30 30 30 30 30 30 30 30 0D
1779554357017,74 34 35 35 38 45 38 46 46 30 37 30 30 39 46 46 46 30 30 30 30 0D
1779554357026,74 34 35 37 38 30 30 30 30 30 32 30 30 36 34 31 34 46 46 46 46 0D
1779554357032,74 34 35 31 38 30 30 30 30 30 30 30 30 30 30 30 30 30 30 30 30 0D
1779554357039,74 34 35 35 38 45 38 46 46 30 37 30 30 39 46 46 46 30 30 30 30 0D
1779554357053,74 34 35 31 38 30 30 30 30 30 30 30 30 30 30 30 30 30 30 30 30 0D
1779554357058,74 34 35 35 38 45 38 46 46 30 37 30 30 39 46 46 46 30 30 30 30 0D
1779554357072,74 34 35 30 38 30 30 30 30 30 37 30 30 30 30 30 30 39 34 30 37 0D
1779554357079,74 34 35 31 38 30 30 30 30 30 30 30 30 30 30 30 30 30 30 30 30 0D
1779554357099,74 34 35 31 38 30 30 30 30 30 30 30 30 30 30 30 30 30 30 30 30 0D
1779554357115,74 34 35 31 38 30 30 30 30 30 30 30 30 30 30 30 30 30 30 30 30 0D
1779554357130,74 34 35 37 38 30 30 30 30 30 32 30 30 36 34 31 34 46 46 46 46 0D
1779554357133,74 34 35 31 38 30 30 30 30 30 30 30 30 30 30 30 30 30 30 30 30 0D
1779554357139,74 34 35 35 38 45 38 46 46 30 37 30 30 41 30 46 46 30 30 30 30 0D
1779554357152,74 34 35 31 38 30 30 30 30 30 30 30 30 30 30 30 30 30 30 30 30 0D
1779554357157,74 34 35 35 38 45 38 46 46 30 37 30 30 41 30 46 46 30 30 30 30 0D
1779554357172,74 34 35 30 38 30 30 30 30 30 37 30 30 30 30 30 30 39 34 30 37 0D
1779554357180,74 34 35 31 38 30 30 30 30 30 30 30 30 30 30 30 30 30 30 30 30 0D
1779554357194,74 34 35 31 38 30 30 30 30 30 30 30 30 30 30 30 30 30 30 30 30 0D
1779554357199,74 34 35 36 38 46 38 46 46 30 37 30 30 30 33 30 30 30 30 30 30 0D
1779554357213,74 34 35 31 38 30 30 30 30 30 30 30 30 30 30 30 30 30 30 30 30 0D
1779554357218,74 34 35 35 38 45 38 46 46 30 37 30 30 41 30 46 46 30 30 30 30 0D
1779554357227,74 34 35 37 38 30 30 30 30 30 31 30 30 36 34 31 34 46 45 46 46 0D
1779554357232,74 34 35 31 38 30 30 30 30 30 30 30 30 30 30 30 30 30 30 30 30 0D
1779554357237,74 34 35 35 38 45 38 46 46 30 37 30 30 41 30 46 46 30 30 30 30 0D
1779554357253,74 34 35 31 38 30 30 30 30 30 30 30 30 30 30 30 30 30 30 30 30 0D
1779554357261,74 34 35 35 38 45 38 46 46 30 37 30 30 41 30 46 46 30 30 30 30 0D
1779554357272,74 34 35 30 38 30 30 30 30 30 37 30 30 30 30 30 30 39 34 30 37 0D
1779554357282,74 34 35 31 38 30 30 30 30 30 30 30 30 30 30 30 30 30 30 30 30 0D
1779554357294,74 34 35 31 38 30 30 30 30 30 30 30 30 30 30 30 30 30 30 30 30 0D
1779554357300,74 34 35 36 38 46 38 46 46 30 37 30 30 30 33 30 30 30 30 30 30 0D
1779554357312,74 34 35 31 38 30 30 30 30 30 30 30 30 30 30 30 30 30 30 30 30 0D
1779554357317,74 34 35 35 38 45 39 46 46 30 37 30 30 41 30 46 46 30 30 30 30 0D
1779554357325,74 34 35 37 38 30 30 30 30 30 31 30 30 36 34 31 34 46 46 46 46 0D
1779554357342,74 34 35 31 38 30 30 30 30 30 30 30 30 30 30 30 30 30 30 30 30 0D
1779554357352,74 34 35 31 38 30 30 30 30 30 30 30 30 30 30 30 30 30 30 30 30 0D
1779554357358,74 34 35 35 38 45 39 46 46 30 37 30 30 41 30 46 46 30 30 30 30 0D
1779554357373,74 34 35 30 38 30 30 30 30 30 37 30 30 30 30 30 30 39 34 30 37 0D
1779554357379,74 34 35 31 38 30 30 30 30 30 30 30 30 30 30 30 30 30 30 30 30 0D
1779554357399,74 34 35 31 38 30 30 30 30 30 30 30 30 30 30 30 30 30 30 30 30 0D
1779554357412,74 34 35 31 38 30 30 30 30 30 30 30 30 30 30 30 30 30 30 30 30 0D
1779554357417,74 34 35 35 38 45 39 46 46 30 37 30 30 41 30 46 46 30 30 30 30 0D
1779554357424,74 34 35 37 38 30 30 30 30 30 31 30 30 36 34 31 34 46 46 46 46 0D
1779554357432,74 34 35 31 38 30 30 30 30 30 30 30 30 30 30 30 30 30 30 30 30 0D
1779554357435,74 34 35 35 38 45 39 46 46 30 37 30 30 41 30 46 46 30 30 30 30 0D
1779554357439,74 34 35 36 38 46 38 46 46 30 37 30 30 30 33 30 30 30 30 30 30 0D
1779554357454,74 34 35 31 38 30 30 30 30 30 30 30 30 30 30 30 30 30 30 30 30 0D
1779554357459,74 34 35 35 38 45 39 46 46 30 37 30 30 41 30 46 46 30 30 30 30 0D
1779554357473,74 34 35 30 38 30 30 30 30 30 37 30 30 30 30 30 30 39 34 30 37 0D
1779554357480,74 34 35 31 38 30 30 30 30 30 30 30 30 30 30 30 30 30 30 30 30 0D
1779554357495,74 34 35 31 38 30 30 30 30 30 30 30 30 30 30 30 30 30 30 30 30 0D
1779554357513,74 34 35 31 38 30 30 30 30 30 30 30 30 30 30 30 30 30 30 30 30 0D
1779554357520,74 34 35 35 38 45 39 46 46 30 36 30 30 39 46 46 46 30 30 30 30 0D
1779554357528,74 34 35 37 38 30 30 30 30 30 30 30 30 36 34 31 34 46 46 46 46 0D
1779554357532,74 34 35 31 38 30 30 30 30 30 30 30 30 30 30 30 30 30 30 30 30 0D
1779554357537,74 34 35 35 38 45 39 46 46 30 36 30 30 39 46 46 46 30 30 30 30 0D
1779554357552,74 34 35 31 38 30 30 30 30 30 30 30 30 30 30 30 30 30 30 30 30 0D
1779554357557,74 34 35 35 38 45 39 46 46 30 36 30 30 39 46 46 46 30 30 30 30 0D
1779554357572,74 34 35 30 38 30 30 30 30 30 37 30 30 30 30 30 30 39 34 30 37 0D
1779554357580,74 34 35 31 38 30 30 30 30 30 30 30 30 30 30 30 30 30 30 30 30 0D
1779554357592,74 34 35 31 38 30 30 30 30 30 30 30 30 30 30 30 30 30 30 30 30 0D
1779554357597,74 34 35 35 38 45 39 46 46 30 36 30 30 39 46 46 46 30 30 30 30 0D
1779554357613,74 34 35 31 38 30 30 30 30 30 30 30 30 30 30 30 30 30 30 30 30 0D
1779554357619,74 34 35 35 38 45 39 46 46 30 36 30 30 39 46 46 46 30 30 30 30 0D
1779554357625,74 34 35 37 38 30 30 30 30 30 30 30 30 36 34 31 34 46 46 46 46 0D
1779554357634,74 34 35 31 38 30 30 30 30 30 30 30 30 30 30 30 30 30 30 30 30 0D
1779554357640,74 34 35 35 38 45 39 46 46 30 36 30 30 39 46 46 46 30 30 30 30 0D
1779554357653,74 34 35 31 38 30 30 30 30 30 30 30 30 30 30 30 30 30 30 30 30 0D
1779554357657,74 34 35 35 38 45 39 46 46 30 36 30 30 39 46 46 46 30 30 30 30 0D
1779554357673,74 34 35 30 38 30 30 30 30 30 37 30 30 30 30 30 30 39 34 30 37 0D
1779554357682,74 34 35 31 38 30 30 30 30 30 30 30 30 30 30 30 30 30 30 30 30 0D
1779554357693,74 34 35 31 38 30 30 30 30 30 30 30 30 30 30 30 30 30 30 30 30 0D
1779554357699,74 34 35 36 38 46 37 46 46 30 37 30 30 30 33 30 30 30 30 30 30 0D
1779554357712,74 34 35 31 38 30 30 30 30 30 30 30 30 30 30 30 30 30 30 30 30 0D
1779554357719,74 34 35 35 38 45 39 46 46 30 37 30 30 39 46 46 46 30 30 30 30 0D
1779554357726,74 34 35 37 38 30 30 30 30 30 30 30 30 36 34 31 34 46 46 46 46 0D
1779554357734,74 34 35 31 38 30 30 30 30 30 30 30 30 30 30 30 30 30 30 30 30 0D
1779554357739,74 34 35 35 38 45 39 46 46 30 37 30 30 39 46 46 46 30 30 30 30 0D
1779554357753,74 34 35 31 38 30 30 30 30 30 30 30 30 30 30 30 30 30 30 30 30 0D
1779554357755,74 34 35 36 38 46 37 46 46 30 37 30 30 30 33 30 30 30 30 30 30 0D
1779554357778,74 34 35 30 38 30 30 30 30 30 37 30 30 30 30 30 30 39 34 30 37 0D
1779554357781,46 46 46 0D 74 34 35 39 38 31 45 41 31 42 45 31 36 36 33 31 37 30 33 42 37 0D
1779554357793,74 34 35 31 38 30 30 30 30 30 30 30 30 30 30 30 30 30 30 30 30 0D
1779554357798,74 34 35 35 38 45 39 46 46 30 37 30 30 39 46 46 46 30 30 30 30 0D
1779554357813,74 34 35 31 38 30 30 30 30 30 30 30 30 30 30 30 30 30 30 30 30 0D
1779554357816,74 34 35 35 38 45 39 46 46 30 37 30 30 39 46 46 46 30 30 30 30 0D
1779554357822,74 34 35 36 38 46 37 46 46 30 37 30 30 30 33 30 30 30 30 30 30 0D
1779554357836,74 34 35 37 38 30 30 30 30 30 32 30 30 36 34 31 34 46 46 46 46 0D
1779554357852,74 34 35 31 38 30 30 30 30 30 30 30 30 30 30 30 30 30 30 30 30 0D
1779554357858,74 34 35 35 38 45 39 46 46 30 37 30 30 39 46 46 46 30 30 30 30 0D
1779554357878,74 34 35 30 38 30 30 30 30 30 37 30 30 30 30 30 30 39 34 30 37 0D
1779554357884,30 0D 74 34 35 35 38 45 39 46 46 30 37 30 30 39 46 46 46 30 30 30 30 0D 74 34 35 36 38 46 37 46 46 30 37 30 30 30 33 30 30 30 30 30 30 0D 74 34 35 37 38 30 30 30 30 30 32 30 30 36 34 31 34 46
1779554357892,74 34 35 31 38 30 30 30 30 30 30 30 30 30 30 30 30 30 30 30 30 0D
1779554357898,74 34 35 35 38 45 39 46 46 30 36 30 30 39 46 46 46 30 30 30 30 0D
1779554357914,74 34 35 31 38 30 30 30 30 30 30 30 30 30 30 30 30 30 30 30 30 0D
1779554357918,74 34 35 35 38 45 39 46 46 30 36 30 30 39 46 46 46 30 30 30 30 0D
1779554357923,74 34 35 37 38 30 30 30 30 30 31 30 30 36 34 31 34 46 46 46 46 0D
1779554357932,74 34 35 31 38 30 30 30 30 30 30 30 30 30 30 30 30 30 30 30 30 0D
1779554357936,74 34 35 35 38 45 39 46 46 30 36 30 30 39 46 46 46 30 30 30 30 0D
1779554357953,74 34 35 31 38 30 30 30 30 30 30 30 30 30 30 30 30 30 30 30 30 0D
1779554357958,74 34 35 35 38 45 39 46 46 30 36 30 30 39 46 46 46 30 30 30 30 0D
1779554357973,74 34 35 30 38 30 30 30 30 30 37 30 30 30 30 30 30 39 34 30 37 0D
1779554357978,74 34 35 31 38 30 30 30 30 30 30 30 30 30 30 30 30 30 30 30 30 0D
1779554358000,74 34 35 31 38 30 30 30 30 30 30 30 30 30 30 30 30 30 30 30 30 0D
1779554358013,74 34 35 31 38 30 30 30 30 30 30 30 30 30 30 30 30 30 30 30 30 0D
1779554358017,74 34 35 35 38 45 39 46 46 30 36 30 30 39 46 46 46 30 30 30 30 0D
1779554358022,74 34 35 37 38 30 30 30 30 30 31 30 30 36 34 31 34 46 46 46 46 0D
1779554358027,74 34 35 39 38 32 44 41 31 42 45 31 36 36 42 31 37 30 33 42 37 0D
1779554358032,74 34 35 31 38 30 30 30 30 30 30 30 30 30 30 30 30 30 30 30 30 0D
1779554358037,74 34 35 35 38 45 39 46 46 30 36 30 30 39 46 46 46 30 30 30 30 0D
1779554358052,74 34 35 31 38 30 30 30 30 30 30 30 30 30 30 30 30 30 30 30 30 0D
1779554358058,74 34 35 35 38 45 39 46 46 30 36 30 30 39 46 46 46 30 30 30 30 0D
1779554358076,74 34 35 30 38 30 30 30 30 30 37 30 30 30 30 30 30 39 34 30 37 0D
1779554358082,74 34 35 32 38 38 43 30 30 30 30 30 30 30 30 30 30 32 37 30 30 0D 74 34 35 33 38 36 32 30 30 30 30 30 30 30 30 30 30 30 30 30 30 0D 74 34 35 34 38 30 31 30 30 30 30 30 30 30 30 30 30 30 30 30
1779554358092,74 34 35 31 38 30 30 30 30 30 30 30 30 30 30 30 30 30 30 30 30 0D
1779554358096,74 34 35 35 38 45 38 46 46 30 37 30 30 39 46 46 46 30 30 30 30 0D
1779554358113,74 34 35 31 38 30 30 30 30 30 30 30 30 30 30 30 30 30 30 30 30 0D
1779554358123,74 34 35 37 38 30 30 30 30 30 31 30 30 36 34 31 34 46 46 46 46 0D
1779554358132,74 34 35 31 38 30 30 30 30 30 30 30 30 30 30 30 30 30 30 30 30 0D
1779554358138,74 34 35 35 38 45 38 46 46 30 37 30 30 39 46 46 46 30 30 30 30 0D
1779554358152,74 34 35 31 38 30 30 30 30 30 30 30 30 30 30 30 30 30 30 30 30 0D
1779554358159,74 34 35 35 38 45 38 46 46 30 37 30 30 39 46 46 46 30 30 30 30 0D
1779554358173,74 34 35 30 38 30 30 30 30 30 37 30 30 30 30 30 30 39 34 30 37 0D
1779554358178,74 34 35 33 38 36 32 30 30 30 30 30 30 30 30 30 30 30 30 30 30 0D 74 34 35 34 38 30 31 30 30 30 30 30 30 30 30 30 30 30 30 30 30 0D
1779554358192,74 34 35 31 38 30 30 30 30 30 30 30 30 30 30 30 30 30 30 30 30 0D
1779554358198,74 34 35 35 38 45 38 46 46 30 37 30 30 39 46 46 46 30 30 30 30 0D
1779554358215,74 34 35 31 38 30 30 30 30 30 30 30 30 30 30 30 30 30 30 30 30 0D
1779554358220,74 34 35 35 38 45 38 46 46 30 37 30 30 39 46 46 46 30 30 30 30 0D
1779554358228,74 34 35 37 38 30 30 30 30 30 31 30 30 36 34 31 34 46 45 46 46 0D
1779554358232,74 34 35 31 38 30 30 30 30 30 30 30 30 30 30 30 30 30 30 30 30 0D
1779554358238,74 34 35 35 38 45 38 46 46 30 37 30 30 39 46 46 46 30 30 30 30 0D
1779554358252,74 34 35 31 38 30 30 30 30 30 30 30 30 30 30 30 30 30 30 30 30 0D
1779554358258,74 34 35 35 38 45 38 46 46 30 37 30 30 39 46 46 46 30 30 30 30 0D
1779554358272,74 34 35 30 38 30 30 30 30 30 37 30 30 30 30 30 30 39 34 30 37 0D
1779554358279,74 34 35 31 38 30 30 30 30 30 30 30 30 30 30 30 30 30 30 30 30 0D
1779554358293,74 34 35 31 38 30 30 30 30 30 30 30 30 30 30 30 30 30 30 30 30 0D
1779554358299,74 34 35 35 38 45 38 46 46 30 37 30 30 39 46 46 46 30 30 30 30 0D
1779554358313,74 34 35 31 38 30 30 30 30 30 30 30 30 30 30 30 30 30 30 30 30 0D
1779554358317,74 34 35 35 38 45 38 46 46 30 37 30 30 39 46 46 46 30 30 30 30 0D
1779554358322,74 34 35 37 38 30 30 30 30 30 31 30 30 36 34 31 34 46 46 46 46 0D
1779554358327,74 34 35 39 38 33 44 41 31 42 45 31 36 37 44 31 37 30 33 42 37 0D
1779554358333,74 34 35 31 38 30 30 30 30 30 30 30 30 30 30 30 30 30 30 30 30 0D
1779554358335,74 34 35 35 38 45 38 46 46 30 37 30 30 39 46 46 46 30 30 30 30 0D
1779554358353,74 34 35 31 38 30 30 30 30 30 30 30 30 30 30 30 30 30 30 30 30 0D
1779554358356,74 34 35 35 38 45 38 46 46 30 37 30 30 39 46 46 46 30 30 30 30 0D
1779554358358,74 34 35 36 38 46 38 46 46 30 36 30 30 30 32 30 30 30 30 30 30 0D
1779554358373,74 34 35 30 38 30 30 30 30 30 37 30 30 30 30 30 30 39 34 30 37 0D
1779554358381,74 34 35 32 38 38 43 30 30 30 30 30 30 30 30 30 30 30 30 30 30 0D
1779554358393,74 34 35 31 38 30 30 30 30 30 30 30 30 30 30 30 30 30 30 30 30 0D
1779554358395,74 34 35 36 38 46 38 46 46 30 36 30 30 30 32 30 30 30 30 30 30 0D
1779554358413,74 34 35 31 38 30 30 30 30 30 30 30 30 30 30 30 30 30 30 30 30 0D
1779554358417,74 34 35 35 38 45 38 46 46 30 37 30 30 39 46 46 46 30 30 30 30 0D
1779554358425,74 34 35 37 38 30 30 30 30 30 30 30 30 36 34 31 34 46 46 46 46 0D
1779554358438,74 34 35 31 38 30 30 30 30 30 30 30 30 30 30 30 30 30 30 30 30 0D
1779554358453,74 34 35 31 38 30 30 30 30 30 30 30 30 30 30 30 30 30 30 30 30 0D
1779554358474,74 34 35 30 38 30 30 30 30 30 37 30 30 30 30 30 30 39 34 30 37 0D
1779554358481,74 34 35 31 38 30 30 30 30 30 30 30 30 30 30 30 30 30 30 30 30 0D
1779554358488,74 34 35 32 38 38 43 30 30 30 30 30 30 30 30 30 30 32 37 30 30 0D 74 34 35 33 38 36 33 30 30 30 30 30 30 30 30 30 30 30 30 30 30 0D 74 34 35 34 38 30 31 30 30 30 30 30 30 30 30 30 30 30 30 30
1779554358495,74 34 35 31 38 30 30 30 30 30 30 30 30 30 30 30 30 30 30 30 30 0D
1779554358515,74 34 35 31 38 30 30 30 30 30 30 30 30 30 30 30 30 30 30 30 30 0D
1779554358520,74 34 35 35 38 45 39 46 46 30 36 30 30 39 46 46 46 30 30 30 30 0D
1779554358527,74 34 35 37 38 30 30 30 30 30 30 30 30 36 34 31 34 46 46 46 46 0D
1779554358535,74 34 35 31 38 30 30 30 30 30 30 30 30 30 30 30 30 30 30 30 30 0D
1779554358556,74 34 35 31 38 30 30 30 30 30 30 30 30 30 30 30 30 30 30 30 30 0D
1779554358572,74 34 35 30 38 30 30 30 30 30 37 30 30 30 30 30 30 39 34 30 37 0D
1779554358580,74 34 35 31 38 30 30 30 30 30 30 30 30 30 30 30 30 30 30 30 30 0D
1779554358592,74 34 35 31 38 30 30 30 30 30 30 30 30 30 30 30 30 30 30 30 30 0D
1779554358599,74 34 35 35 38 45 39 46 46 30 36 30 30 39 46 46 46 30 30 30 30 0D
1779554358612,74 34 35 31 38 30 30 30 30 30 30 30 30 30 30 30 30 30 30 30 30 0D
1779554358617,74 34 35 35 38 45 39 46 46 30 36 30 30 39 46 46 46 30 30 30 30 0D
1779554358624,74 34 35 37 38 30 30 30 30 30 31 30 30 36 34 31 34 46 46 46 46 0D
1779554358626,74 34 35 39 38 34 34 41 31 42 45 31 36 38 33 31 37 30 33 42 37 0D
1779554358636,74 34 35 31 38 30 30 30 30 30 30 30 30 30 30 30 30 30 30 30 30 0D
1779554358657,74 34 35 31 38 30 30 30 30 30 30 30 30 30 30 30 30 30 30 30 30 0D
1779554358673,74 34 35 30 38 30 30 30 30 30 37 30 30 30 30 30 30 39 34 30 37 0D
1779554358680,74 34 35 31 38 30 30 30 30 30 30 30 30 30 30 30 30 30 30 30 30 0D
1779554358692,74 34 35 31 38 30 30 30 30 30 30 30 30 30 30 30 30 30 30 30 30 0D
1779554358700,74 34 35 35 38 45 39 46 46 30 36 30 30 41 30 46 46 30 30 30 30 0D
1779554358713,74 34 35 31 38 30 30 30 30 30 30 30 30 30 30 30 30 30 30 30 30 0D
1779554358719,74 34 35 35 38 45 39 46 46 30 36 30 30 41 30 46 46 30 30 30 30 0D
1779554358724,74 34 35 37 38 30 30 30 30 30 31 30 30 36 34 31 34 46 46 46 46 0D
1779554358727,74 34 35 39 38 34 43 41 31 42 45 31 36 38 42 31 37 30 33 42 37 0D
1779554358738,74 34 35 31 38 30 30 30 30 30 30 30 30 30 30 30 30 30 30 30 30 0D
1779554358752,74 34 35 31 38 30 30 30 30 30 30 30 30 30 30 30 30 30 30 30 30 0D
1779554358759,74 34 35 35 38 45 39 46 46 30 36 30 30 41 30 46 46 30 30 30 30 0D
1779554358772,74 34 35 30 38 30 30 30 30 30 37 30 30 30 30 30 30 39 34 30 37 0D
1779554358778,74 34 35 31 38 30 30 30 30 30 30 30 30 30 30 30 30 30 30 30 30 0D
1779554358780,30 0D 74 34 35 36 38 46 37 46 46 30 36 30 30 30 33 30 30 30 30 30 30 0D 74 34 35 37 38 30 30 30 30 30 31 30 30 36 34 31 34 46 46 46 46 0D 74 34 35 39 38 34 43 41 31 42 45 31 36 38 42 31 37 30
1779554358786,33 42 37 0D
1779554358795,74 34 35 31 38 30 30 30 30 30 30 30 30 30 30 30 30 30 30 30 30 0D
1779554358800,74 34 35 35 38 45 39 46 46 30 36 30 30 41 30 46 46 30 30 30 30 0D
1779554358812,74 34 35 31 38 30 30 30 30 30 30 30 30 30 30 30 30 30 30 30 30 0D
1779554358818,74 34 35 35 38 45 39 46 46 30 36 30 30 41 30 46 46 30 30 30 30 0D
1779554358824,74 34 35 37 38 30 30 30 30 30 31 30 30 36 34 31 34 46 46 46 46 0D
1779554358835,74 34 35 31 38 30 30 30 30 30 30 30 30 30 30 30 30 30 30 30 30 0D
1779554358839,74 34 35 35 38 45 39 46 46 30 36 30 30 41 30 46 46 30 30 30 30 0D
1779554358853,74 34 35 31 38 30 30 30 30 30 30 30 30 30 30 30 30 30 30 30 30 0D
1779554358858,74 34 35 35 38 45 39 46 46 30 36 30 30 41 30 46 46 30 30 30 30 0D
1779554358873,74 34 35 30 38 30 30 30 30 30 37 30 30 30 30 30 30 39 34 30 37 0D
1779554358877,74 34 35 31 38 30 30 30 30 30 30 30 30 30 30 30 30 30 30 30 30 0D
1779554358883,74 34 35 36 38 46 37 46 46 30 36 30 30 30 33 30 30 30 30 30 30 0D
1779554358894,74 34 35 31 38 30 30 30 30 30 30 30 30 30 30 30 30 30 30 30 30 0D
1779554358899,74 34 35 35 38 45 39 46 46 30 37 30 30 41 30 46 46 30 30 30 30 0D
1779554358912,74 34 35 31 38 30 30 30 30 30 30 30 30 30 30 30 30 30 30 30 30 0D
1779554358917,74 34 35 35 38 45 39 46 46 30 37 30 30 41 30 46 46 30 30 30 30 0D
1779554358924,74 34 35 37 38 30 30 30 30 30 32 30 30 36 34 31 34 46 45 46 46 0D
1779554358937,74 34 35 31 38 30 30 30 30 30 30 30 30 30 30 30 30 30 30 30 30 0D
1779554358952,74 34 35 31 38 30 30 30 30 30 30 30 30 30 30 30 30 30 30 30 30 0D
1779554358959,74 34 35 35 38 45 39 46 46 30 37 30 30 41 30 46 46 30 30 30 30 0D
1779554358973,74 34 35 30 38 30 30 30 30 30 37 30 30 30 30 30 30 39 34 30 37 0D
1779554358979,74 34 35 31 38 30 30 30 30 30 30 30 30 30 30 30 30 30 30 30 30 0D
1779554358992,74 34 35 31 38 30 30 30 30 30 30 30 30 30 30 30 30 30 30 30 30 0D
1779554359000,74 34 35 35 38 45 39 46 46 30 37 30 30 41 30 46 46 30 30 30 30 0D
1779554359012,74 34 35 31 38 30 30 30 30 30 30 30 30 30 30 30 30 30 30 30 30 0D
1779554359017,74 34 35 35 38 45 39 46 46 30 37 30 30 41 30 46 46 30 30 30 30 0D
1779554359025,74 34 35 37 38 30 30 30 30 30 30 30 30 36 34 31 34 46 46 46 46 0D
1779554359036,74 34 35 31 38 30 30 30 30 30 30 30 30 30 30 30 30 30 30 30 30 0D
1779554359053,74 34 35 31 38 30 30 30 30 30 30 30 30 30 30 30 30 30 30 30 30 0D
1779554359056,74 34 35 35 38 45 39 46 46 30 37 30 30 41 30 46 46 30 30 30 30 0D
1779554359072,74 34 35 30 38 30 30 30 30 30 37 30 30 30 30 30 30 39 34 30 37 0D
1779554359080,74 34 35 31 38 30 30 30 30 30 30 30 30 30 30 30 30 30 30 30 30 0D
1779554359097,74 34 35 31 38 30 30 30 30 30 30 30 30 30 30 30 30 30 30 30 30 0D
1779554381267,74 34 35 35 38 45 39 46 46 30 36 30 30 41 30 46 46 30 30 30 30 0D
1779554381321,30 0D 74 34 35 35 38 45 38 46 46 30 36 30 30 41 30 46 46 30 30 30 30 0D 74 34 35 36 38 46 37 46 46 30 37 30 30 30 33 30 30 30 30 30 30 0D 74 34 35 31 38 30 30 30 30 30 30 30 30 30 30 30 30 30
