1779567573078,74 34 35 36 38 45 39 46 46 30 38 30 30 30 36 30 30 30 30 30 30 0D
1779567573084,74 34 35 31 38 30 30 30 30 30 30 30 30 30 30 30 30 30 30 30 30 0D
1779567573086,74 34 35 35 38 45 44 46 46 30 36 30 30 39 45 46 46 30 30 30 30 0D
1779567573097,74 34 35 33 38 39 41 30 30 30 30 30 30 30 30 30 30 30 30 30 30 0D
1779567573106,74 34 35 31 38 30 30 30 30 30 30 30 30 30 30 30 30 30 30 30 30 0D
1779567573113,74 34 35 39 38 30 30 30 30 30 30 30 30 30 30 30 30 30 30 30 30 0D
1779567573121,74 34 35 31 38 30 30 30 30 30 30 30 30 30 30 30 30 30 30 30 30 0D
1779567573150,74 34 35 31 38 30 30 30 30 30 30 30 30 30 30 30 30 30 30 30 30 0D
1779567573161,74 34 35 37 38 30 30 30 30 30 30 30 30 36 34 31 34 30 30 30 30 0D
1779567573166,74 34 35 31 38 30 30 30 30 30 30 30 30 30 30 30 30 30 30 30 30 0D
1779567573192,74 34 35 31 38 30 30 30 30 30 30 30 30 30 30 30 30 30 30 30 30 0D
1779567573202,74 34 35 35 38 45 44 46 46 30 37 30 30 39 45 46 46 30 30 30 30 0D
1779567573203,74 34 35 31 38 30 30 30 30 30 30 30 30 30 30 30 30 30 30 30 30 0D
1779567573210,74 34 35 35 38 45 44 46 46 30 37 30 30 39 45 46 46 30 30 30 30 0D
1779567573213,74 34 35 39 38 30 30 30 30 30 30 30 30 30 30 30 30 30 30 30 30 0D
1779567573218,74 34 35 31 38 30 30 30 30 30 30 30 30 30 30 30 30 30 30 30 30 0D
1779567573249,74 34 35 31 38 30 30 30 30 30 30 30 30 30 30 30 30 30 30 30 30 0D 74 34 35 35 38 45 44 46 46 30 37 30 30 39 45 46 46 30 30 30 30 0D
1779567573261,74 34 35 30 38 30 30 30 30 30 37 30 30 30 30 30 30 31 34 30 33 0D
1779567573264,74 34 35 31 38 30 30 30 30 30 30 30 30 30 30 30 30 30 30 30 30 0D
1779567573288,74 34 35 31 38 30 30 30 30 30 30 30 30 30 30 30 30 30 30 30 30 0D
1779567573312,74 34 35 35 38 45 44 46 46 30 37 30 30 39 45 46 46 30 30 30 30 0D
1779567573324,74 34 35 31 38 30 30 30 30 30 30 30 30 30 30 30 30 30 30 30 30 0D
1779567573328,74 34 35 38 38 34 38 30 33 30 30 30 30 30 30 30 30 30 30 30 30 0D
1779567573337,74 34 35 31 38 30 30 30 30 30 30 30 30 30 30 30 30 30 30 30 30 0D
1779567573349,74 34 35 30 38 30 30 30 30 30 37 30 30 30 30 30 30 31 34 30 33 0D
1779567573357,74 34 35 31 38 30 30 30 30 30 30 30 30 30 30 30 30 30 30 30 30 0D
1779567573364,74 34 35 34 38 30 31 30 30 30 30 30 30 30 30 30 30 30 30 30 30 0D
1779567573375,74 34 35 31 38 30 30 30 30 30 30 30 30 30 30 30 30 30 30 30 30 0D
1779567573388,74 34 35 35 38 45 44 46 46 30 36 30 30 39 45 46 46 30 30 30 30 0D
1779567573397,74 34 35 33 38 39 41 30 30 30 30 30 30 30 30 30 30 30 30 30 30 0D
1779567573409,74 34 35 31 38 30 30 30 30 30 30 30 30 30 30 30 30 30 30 30 30 0D
1779567573414,74 34 35 39 38 30 30 30 30 30 30 30 30 30 30 30 30 30 30 30 30 0D
1779567573422,74 34 35 31 38 30 30 30 30 30 30 30 30 30 30 30 30 30 30 30 30 0D
1779567573437,74 34 35 31 38 30 30 30 30 30 30 30 30 30 30 30 30 30 30 30 30 0D
1779567573455,74 34 35 30 38 30 30 30 30 30 37 30 30 30 30 30 30 30 32 30 33 0D
1779567573459,74 34 35 31 38 30 30 30 30 30 30 30 30 30 30 30 30 30 30 30 30 0D
1779567573473,74 34 35 34 38 30 31 30 30 30 30 30 30 30 30 30 30 30 30 30 30 0D 74 34 35 36 38 45 39 46 46 30 38 30 30 30 36 30 30 30 30 30 30 0D
1779567573488,74 34 35 31 38 30 30 30 30 30 30 30 30 30 30 30 30 30 30 30 30 0D 74 34 35 36 38 45 39 46 46 30 38 30 30 30 36 30 30 30 30 30 30 0D
1779567573494,74 34 35 33 38 39 41 30 30 30 30 30 30 30 30 30 30 30 30 30 30 0D
1779567573503,74 34 35 31 38 30 30 30 30 30 30 30 30 30 30 30 30 30 30 30 30 0D
1779567573521,74 34 35 35 38 45 44 46 46 30 36 30 30 39 45 46 46 30 30 30 30 0D
1779567573527,74 34 35 31 38 30 30 30 30 30 30 30 30 30 30 30 30 30 30 30 30 0D
