1779553680852,74 34 35 30 38 30 30 30 30 30 37 30 30 30 30 30 30 31 34 30 33 0D
1779553680876,74 34 35 31 38 30 30 30 30 30 30 30 30 30 30 30 30 30 30 30 30 0D 74 34 35 31 38 30 30 30 30 30 30 30 30 30 30 30 30 30 30 30 30 0D
1779553680885,74 34 35 31 38 30 30 30 30 30 30 30 30 30 30 30 30 30 30 30 30 0D
1779553680902,74 34 35 31 38 30 30 30 30 30 30 30 30 30 30 30 30 30 30 30 30 0D
1779553680913,74 34 35 35 38 45 44 46 46 30 37 30 30 39 45 46 46 30 30 30 30 0D 74 34 35 36 38 45 39 46 46 30 38 30 30 30 35 30 30 30 30 30 30 0D
1779553680928,74 34 35 31 38 30 30 30 30 30 30 30 30 30 30 30 30 30 30 30 30 0D
1779553680948,74 34 35 31 38 30 30 30 30 30 30 30 30 30 30 30 30 30 30 30 30 0D
1779553680966,74 34 35 31 38 30 30 30 30 30 30 30 30 30 30 30 30 30 30 30 30 0D
1779553680993,74 34 35 37 38 30 30 30 30 30 30 30 30 36 34 31 34 30 30 30 30 0D
1779553681000,74 34 35 31 38 30 30 30 30 30 30 30 30 30 30 30 30 30 30 30 30 0D
1779553681016,74 34 35 35 38 45 43 46 46 30 36 30 30 39 45 46 46 30 30 30 30 0D
1779553681030,74 34 35 31 38 30 30 30 30 30 30 30 30 30 30 30 30 30 30 30 30 0D
1779553681047,74 34 35 31 38 30 30 30 30 30 30 30 30 30 30 30 30 30 30 30 30 0D
1779553681062,74 34 35 31 38 30 30 30 30 30 30 30 30 30 30 30 30 30 30 30 30 0D
1779553681073,74 34 35 36 38 45 39 46 46 30 38 30 30 30 35 30 30 30 30 30 30 0D
1779553681094,74 34 35 31 38 30 30 30 30 30 30 30 30 30 30 30 30 30 30 30 30 0D
1779553681109,74 34 35 31 38 30 30 30 30 30 30 30 30 30 30 30 30 30 30 30 30 0D
1779553681126,74 34 35 31 38 30 30 30 30 30 30 30 30 30 30 30 30 30 30 30 30 0D
1779553681134,74 34 35 39 38 30 30 30 30 30 30 30 30 30 30 30 30 30 30 30 30 0D
1779553681146,74 34 35 31 38 30 30 30 30 30 30 30 30 30 30 30 30 30 30 30 30 0D
1779553681161,74 34 35 31 38 30 30 30 30 30 30 30 30 30 30 30 30 30 30 30 30 0D
1779553681175,74 34 35 32 38 38 43 30 30 30 30 30 30 30 30 30 30 30 30 30 30 0D
1779553681188,74 34 35 31 38 30 30 30 30 30 30 30 30 30 30 30 30 30 30 30 30 0D
1779553681215,74 34 35 31 38 30 30 30 30 30 30 30 30 30 30 30 30 30 30 30 30 0D
1779553681224,74 34 35 31 38 30 30 30 30 30 30 30 30 30 30 30 30 30 30 30 30 0D
1779553681238,74 34 35 39 38 30 30 30 30 30 30 30 30 30 30 30 30 30 30 30 30 0D
1779553681268,74 34 35 31 38 30 30 30 30 30 30 30 30 30 30 30 30 30 30 30 30 0D
1779553681281,74 34 35 31 38 30 30 30 30 30 30 30 30 30 30 30 30 30 30 30 30 0D
1779553681285,74 34 35 34 38 30 31 30 30 30 30 30 30 30 30 30 30 30 30 30 30 0D
1779553681308,74 34 35 31 38 30 30 30 30 30 30 30 30 30 30 30 30 30 30 30 30 0D
1779553681316,74 34 35 37 38 30 30 30 30 30 30 30 30 36 34 31 34 30 30 30 30 0D
1779553681326,74 34 35 31 38 30 30 30 30 30 30 30 30 30 30 30 30 30 30 30 30 0D
1779553681344,74 34 35 39 38 30 30 30 30 30 30 30 30 30 30 30 30 30 30 30 30 0D
1779553681357,74 34 35 38 38 34 38 30 33 30 30 30 30 30 30 30 30 30 30 30 30 0D
1779553681366,74 34 35 32 38 38 43 30 30 30 30 30 30 30 30 30 30 30 30 30 30 0D
1779553681392,74 34 35 31 38 30 30 30 30 30 30 30 30 30 30 30 30 30 30 30 30 0D
1779553681409,74 34 35 31 38 30 30 30 30 30 30 30 30 30 30 30 30 30 30 30 30 0D
1779553681417,74 34 35 33 38 39 41 30 30 30 30 30 30 30 30 30 30 30 30 30 30 0D
1779553681433,74 34 35 39 38 30 30 30 30 30 30 30 30 30 30 30 30 30 30 30 30 0D
1779553681438,74 34 35 31 38 30 30 30 30 30 30 30 30 30 30 30 30 30 30 30 30 0D
1779553681441,74 34 35 35 38 45 43 46 46 30 36 30 30 39 45 46 46 30 30 30 30 0D
1779553681461,74 34 35 31 38 30 30 30 30 30 30 30 30 30 30 30 30 30 30 30 30 0D
1779553681472,74 34 35 30 38 30 30 30 30 30 37 30 30 30 30 30 30 31 34 30 33 0D
1779553681489,74 34 35 31 38 30 30 30 30 30 30 30 30 30 30 30 30 30 30 30 30 0D
1779553681506,74 34 35 31 38 30 30 30 30 30 30 30 30 30 30 30 30 30 30 30 30 0D
1779553681509,74 34 35 37 38 30 30 30 30 30 30 30 30 36 34 31 34 30 30 30 30 0D
1779553681519,74 34 35 31 38 30 30 30 30 30 30 30 30 30 30 30 30 30 30 30 30 0D
1779553681524,74 34 35 36 38 45 39 46 46 30 38 30 30 30 35 30 30 30 30 30 30 0D
1779553681539,74 34 35 39 38 30 30 30 30 30 30 30 30 30 30 30 30 30 30 30 30 0D
1779553681543,74 34 35 31 38 30 30 30 30 30 30 30 30 30 30 30 30 30 30 30 30 0D
1779553681565,74 34 35 31 38 30 30 30 30 30 30 30 30 30 30 30 30 30 30 30 30 0D
1779553681588,74 34 35 31 38 30 30 30 30 30 30 30 30 30 30 30 30 30 30 30 30 0D
1779553681605,74 34 35 31 38 30 30 30 30 30 30 30 30 30 30 30 30 30 30 30 30 0D
1779553681608,74 34 35 37 38 30 30 30 30 30 30 30 30 36 34 31 34 30 30 30 30 0D
1779553681618,74 34 35 31 38 30 30 30 30 30 30 30 30 30 30 30 30 30 30 30 30 0D
1779553681638,74 34 35 39 38 30 30 30 30 30 30 30 30 30 30 30 30 30 30 30 30 0D
1779553681648,74 34 35 31 38 30 30 30 30 30 30 30 30 30 30 30 30 30 30 30 30 0D
1779553681661,74 34 35 31 38 30 30 30 30 30 30 30 30 30 30 30 30 30 30 30 30 0D
1779553681664,74 34 35 32 38 38 43 30 30 30 30 30 30 30 30 30 30 30 30 30 30 0D
1779553681670,74 34 35 30 38 30 30 30 30 30 37 30 30 30 30 30 30 30 32 30 33 0D
1779553681685,74 34 35 31 38 30 30 30 30 30 30 30 30 30 30 30 30 30 30 30 30 0D
1779553681702,74 34 35 31 38 30 30 30 30 30 30 30 30 30 30 30 30 30 30 30 30 0D
1779553681714,74 34 35 33 38 39 41 30 30 30 30 30 30 30 30 30 30 30 30 30 30 0D
1779553681722,74 34 35 31 38 30 30 30 30 30 30 30 30 30 30 30 30 30 30 30 30 0D
1779553681733,74 34 35 39 38 30 30 30 30 30 30 30 30 30 30 30 30 30 30 30 30 0D
1779553681738,74 34 35 31 38 30 30 30 30 30 30 30 30 30 30 30 30 30 30 30 30 0D
1779553681745,74 34 35 36 38 45 39 46 46 30 38 30 30 30 35 30 30 30 30 30 30 0D
1779553681765,74 34 35 31 38 30 30 30 30 30 30 30 30 30 30 30 30 30 30 30 30 0D
1779553681776,74 34 35 30 38 30 30 30 30 30 37 30 30 30 30 30 30 30 32 30 33 0D
1779553681791,74 34 35 31 38 30 30 30 30 30 30 30 30 30 30 30 30 30 30 30 30 0D
1779553681805,74 34 35 31 38 30 30 30 30 30 30 30 30 30 30 30 30 30 30 30 30 0D
1779553681810,74 34 35 33 38 39 41 30 30 30 30 30 30 30 30 30 30 30 30 30 30 0D
1779553681814,74 34 35 37 38 30 30 30 30 30 30 30 30 36 34 31 34 30 31 30 30 0D
1779553681817,74 34 35 31 38 30 30 30 30 30 30 30 30 30 30 30 30 30 30 30 30 0D
1779553681837,74 34 35 39 38 30 30 30 30 30 30 30 30 30 30 30 30 30 30 30 30 0D
1779553681842,74 34 35 36 38 45 39 46 46 30 38 30 30 30 35 30 30 30 30 30 30 0D
1779553681863,74 34 35 31 38 30 30 30 30 30 30 30 30 30 30 30 30 30 30 30 30 0D
1779553681872,74 34 35 37 38 30 30 30 30 30 30 30 30 36 34 31 34 30 30 30 30 0D
1779553681890,74 34 35 31 38 30 30 30 30 30 30 30 30 30 30 30 30 30 30 30 30 0D
1779553681902,74 34 35 31 38 30 30 30 30 30 30 30 30 30 30 30 30 30 30 30 30 0D
1779553681908,74 34 35 33 38 39 41 30 30 30 30 30 30 30 30 30 30 30 30 30 30 0D
1779553681915,74 34 35 37 38 30 30 30 30 30 30 30 30 36 34 31 34 30 30 30 30 0D
1779553681924,74 34 35 31 38 30 30 30 30 30 30 30 30 30 30 30 30 30 30 30 30 0D
1779553681946,74 34 35 39 38 30 30 30 30 30 30 30 30 30 30 30 30 30 30 30 30 0D
1779553681962,74 34 35 31 38 30 30 30 30 30 30 30 30 30 30 30 30 30 30 30 30 0D
1779553681969,74 34 35 32 38 38 43 30 30 30 30 30 30 30 30 30 30 30 30 30 30 0D
1779553681985,74 34 35 31 38 30 30 30 30 30 30 30 30 30 30 30 30 30 30 30 30 0D
1779553681999,74 34 35 31 38 30 30 30 30 30 30 30 30 30 30 30 30 30 30 30 30 0D
1779553682010,74 34 35 35 38 45 44 46 46 30 36 30 30 39 45 46 46 30 30 30 30 0D
1779553682019,74 34 35 37 38 30 30 30 30 30 30 30 30 36 34 31 34 30 31 30 30 0D
1779553682026,74 34 35 35 38 45 44 46 46 30 36 30 30 39 45 46 46 30 30 30 30 0D
1779553682034,74 34 35 39 38 30 30 30 30 30 30 30 30 30 30 30 30 30 30 30 30 0D
1779553682046,74 34 35 31 38 30 30 30 30 30 30 30 30 30 30 30 30 30 30 30 30 0D
1779553682053,74 34 35 35 38 45 44 46 46 30 36 30 30 39 45 46 46 30 30 30 30 0D
1779553682065,74 34 35 31 38 30 30 30 30 30 30 30 30 30 30 30 30 30 30 30 30 0D
1779553682072,74 34 35 30 38 30 30 30 30 30 37 30 30 30 30 30 30 31 34 30 33 0D
1779553682087,74 34 35 31 38 30 30 30 30 30 30 30 30 30 30 30 30 30 30 30 30 0D
1779553682103,74 34 35 31 38 30 30 30 30 30 30 30 30 30 30 30 30 30 30 30 30 0D
1779553682118,74 34 35 33 38 39 41 30 30 30 30 30 30 30 30 30 30 30 30 30 30 0D
1779553682125,74 34 35 35 38 45 44 46 46 30 36 30 30 39 44 46 46 30 30 30 30 0D
1779553682127,74 34 35 39 38 30 30 30 30 30 30 30 30 30 30 30 30 30 30 30 30 0D
1779553682140,74 34 35 31 38 30 30 30 30 30 30 30 30 30 30 30 30 30 30 30 30 0D
1779553682160,74 34 35 31 38 30 30 30 30 30 30 30 30 30 30 30 30 30 30 30 30 0D
1779553682173,74 34 35 35 38 45 44 46 46 30 36 30 30 39 44 46 46 30 30 30 30 0D
1779553682185,74 34 35 31 38 30 30 30 30 30 30 30 30 30 30 30 30 30 30 30 30 0D
1779553682198,74 34 35 31 38 30 30 30 30 30 30 30 30 30 30 30 30 30 30 30 30 0D
1779553682206,74 34 35 35 38 45 44 46 46 30 36 30 30 39 44 46 46 30 30 30 30 0D
1779553682220,74 34 35 33 38 39 41 30 30 30 30 30 30 30 30 30 30 30 30 30 30 0D
1779553682224,74 34 35 31 38 30 30 30 30 30 30 30 30 30 30 30 30 30 30 30 30 0D 74 34 35 36 38 45 41 46 46 30 38 30 30 30 35 30 30 30 30 30 30 0D
1779553682231,74 34 35 39 38 30 30 30 30 30 30 30 30 30 30 30 30 30 30 30 30 0D
1779553682235,74 34 35 31 38 30 30 30 30 30 30 30 30 30 30 30 30 30 30 30 30 0D
1779553682247,74 34 35 35 38 45 44 46 46 30 36 30 30 39 44 46 46 30 30 30 30 0D
1779553682266,74 34 35 31 38 30 30 30 30 30 30 30 30 30 30 30 30 30 30 30 30 0D
1779553682276,74 34 35 30 38 30 30 30 30 30 37 30 30 30 30 30 30 31 34 30 33 0D
1779553682287,74 34 35 31 38 30 30 30 30 30 30 30 30 30 30 30 30 30 30 30 30 0D
1779553682301,74 34 35 31 38 30 30 30 30 30 30 30 30 30 30 30 30 30 30 30 30 0D
1779553682317,74 34 35 33 38 39 41 30 30 30 30 30 30 30 30 30 30 30 30 30 30 0D
1779553682324,74 34 35 35 38 45 44 46 46 30 35 30 30 39 45 46 46 30 30 30 30 0D
1779553682334,74 34 35 39 38 30 30 30 30 30 30 30 30 30 30 30 30 30 30 30 30 0D
1779553682339,74 34 35 35 38 45 44 46 46 30 35 30 30 39 45 46 46 30 30 30 30 0D
1779553682356,74 34 35 36 38 45 41 46 46 30 38 30 30 30 35 30 30 30 30 30 30 0D
1779553682370,74 34 35 31 38 30 30 30 30 30 30 30 30 30 30 30 30 30 30 30 30 0D
1779553682390,74 34 35 31 38 30 30 30 30 30 30 30 30 30 30 30 30 30 30 30 30 0D
1779553682401,74 34 35 31 38 30 30 30 30 30 30 30 30 30 30 30 30 30 30 30 30 0D
1779553682414,74 34 35 33 38 39 41 30 30 30 30 30 30 30 30 30 30 30 30 30 30 0D
1779553682423,74 34 35 31 38 30 30 30 30 30 30 30 30 30 30 30 30 30 30 30 30 0D
1779553682438,74 34 35 39 38 30 30 30 30 30 30 30 30 30 30 30 30 30 30 30 30 0D
1779553682447,74 34 35 31 38 30 30 30 30 30 30 30 30 30 30 30 30 30 30 30 30 0D
1779553682466,74 34 35 31 38 30 30 30 30 30 30 30 30 30 30 30 30 30 30 30 30 0D
1779553682475,74 34 35 30 38 30 30 30 30 30 37 30 30 30 30 30 30 30 32 30 33 0D
1779553682484,74 34 35 31 38 30 30 30 30 30 30 30 30 30 30 30 30 30 30 30 30 0D
1779553682503,74 34 35 31 38 30 30 30 30 30 30 30 30 30 30 30 30 30 30 30 30 0D
1779553682507,74 34 35 35 38 45 44 46 46 30 35 30 30 39 45 46 46 30 30 30 30 0D
1779553682514,74 34 35 33 38 39 41 30 30 30 30 30 30 30 30 30 30 30 30 30 30 0D
1779553682520,74 34 35 31 38 30 30 30 30 30 30 30 30 30 30 30 30 30 30 30 30 0D
1779553682528,74 34 35 39 38 30 30 30 30 30 30 30 30 30 30 30 30 30 30 30 30 0D
1779553682536,74 34 35 31 38 30 30 30 30 30 30 30 30 30 30 30 30 30 30 30 30 0D
1779553682543,74 34 35 35 38 45 44 46 46 30 36 30 30 39 45 46 46 30 30 30 30 0D
1779553682563,74 34 35 31 38 30 30 30 30 30 30 30 30 30 30 30 30 30 30 30 30 0D
1779553682568,74 34 35 32 38 38 43 30 30 30 30 30 30 30 30 30 30 30 30 30 30 0D
1779553682577,74 34 35 30 38 30 30 30 30 30 37 30 30 30 30 30 30 30 32 30 33 0D
1779553682586,74 34 35 31 38 30 30 30 30 30 30 30 30 30 30 30 30 30 30 30 30 0D
1779553682633,74 34 35 31 38 30 30 30 30 30 30 30 30 30 30 30 30 30 30 30 30 0D
1779553682639,74 34 35 31 38 30 30 30 30 30 30 30 30 30 30 30 30 30 30 30 30 0D
1779553682645,74 34 35 36 38 45 39 46 46 30 38 30 30 30 35 30 30 30 30 30 30 0D
1779553682664,74 34 35 31 38 30 30 30 30 30 30 30 30 30 30 30 30 30 30 30 30 0D
1779553682669,74 34 35 30 38 30 30 30 30 30 37 30 30 30 30 30 30 30 32 30 33 0D
1779553682685,74 34 35 31 38 30 30 30 30 30 30 30 30 30 30 30 30 30 30 30 30 0D
1779553682701,74 34 35 31 38 30 30 30 30 30 30 30 30 30 30 30 30 30 30 30 30 0D
1779553682713,74 34 35 33 38 39 41 30 30 30 30 30 30 30 30 30 30 30 30 30 30 0D
1779553682716,74 34 35 31 38 30 30 30 30 30 30 30 30 30 30 30 30 30 30 30 30 0D
1779553682729,74 34 35 35 38 45 44 46 46 30 36 30 30 39 45 46 46 30 30 30 30 0D
1779553682733,74 34 35 39 38 30 30 30 30 30 30 30 30 30 30 30 30 30 30 30 30 0D
1779553682745,74 34 35 31 38 30 30 30 30 30 30 30 30 30 30 30 30 30 30 30 30 0D
1779553682748,74 34 35 36 38 45 39 46 46 30 38 30 30 30 35 30 30 30 30 30 30 0D
1779553682764,74 34 35 31 38 30 30 30 30 30 30 30 30 30 30 30 30 30 30 30 30 0D
1779553682767,74 34 35 30 38 30 30 30 30 30 37 30 30 30 30 30 30 31 34 30 33 0D
1779553682783,74 34 35 31 38 30 30 30 30 30 30 30 30 30 30 30 30 30 30 30 30 0D
1779553682797,74 34 35 31 38 30 30 30 30 30 30 30 30 30 30 30 30 30 30 30 30 0D
1779553682799,74 34 35 35 38 45 44 46 46 30 36 30 30 39 45 46 46 30 30 30 30 0D
1779553682803,74 34 35 36 38 45 39 46 46 30 38 30 30 30 36 30 30 30 30 30 30 0D
1779553682815,74 34 35 33 38 39 41 30 30 30 30 30 30 30 30 30 30 30 30 30 30 0D
1779553682818,74 34 35 31 38 30 30 30 30 30 30 30 30 30 30 30 30 30 30 30 30 0D
1779553682822,74 34 35 35 38 45 44 46 46 30 36 30 30 39 45 46 46 30 30 30 30 0D
1779553682836,74 34 35 39 38 30 30 30 30 30 30 30 30 30 30 30 30 30 30 30 30 0D
1779553682842,74 34 35 31 38 30 30 30 30 30 30 30 30 30 30 30 30 30 30 30 30 0D
1779553682864,74 34 35 31 38 30 30 30 30 30 30 30 30 30 30 30 30 30 30 30 30 0D
1779553682869,74 34 35 30 38 30 30 30 30 30 37 30 30 30 30 30 30 30 32 30 33 0D
1779553682883,74 34 35 31 38 30 30 30 30 30 30 30 30 30 30 30 30 30 30 30 30 0D 74 34 35 36 38 45 39 46 46 30 38 30 30 30 36 30 30 30 30 30 30 0D
1779553682899,74 34 35 31 38 30 30 30 30 30 30 30 30 30 30 30 30 30 30 30 30 0D
1779553682911,74 34 35 35 38 45 44 46 46 30 36 30 30 39 45 46 46 30 30 30 30 0D
1779553682925,74 34 35 33 38 39 41 30 30 30 30 30 30 30 30 30 30 30 30 30 30 0D
1779553682929,74 34 35 39 38 30 30 30 30 30 30 30 30 30 30 30 30 30 30 30 30 0D
1779553682941,74 34 35 31 38 30 30 30 30 30 30 30 30 30 30 30 30 30 30 30 30 0D
1779553682967,74 34 35 31 38 30 30 30 30 30 30 30 30 30 30 30 30 30 30 30 30 0D
1779553682974,74 34 35 30 38 30 30 30 30 30 37 30 30 30 30 30 30 30 32 30 33 0D
1779553682977,74 34 35 31 38 30 30 30 30 30 30 30 30 30 30 30 30 30 30 30 30 0D
1779553682985,74 34 35 36 38 45 39 46 46 30 38 30 30 30 36 30 30 30 30 30 30 0D
1779553683000,74 34 35 31 38 30 30 30 30 30 30 30 30 30 30 30 30 30 30 30 30 0D
1779553683013,74 34 35 33 38 39 41 30 30 30 30 30 30 30 30 30 30 30 30 30 30 0D
1779553683026,74 34 35 31 38 30 30 30 30 30 30 30 30 30 30 30 30 30 30 30 30 0D
1779553683030,74 34 35 39 38 30 30 30 30 30 30 30 30 30 30 30 30 30 30 30 30 0D
1779553683040,74 34 35 31 38 30 30 30 30 30 30 30 30 30 30 30 30 30 30 30 30 0D
1779553683044,74 34 35 35 38 45 44 46 46 30 37 30 30 39 45 46 46 30 30 30 30 0D
1779553683062,74 34 35 31 38 30 30 30 30 30 30 30 30 30 30 30 30 30 30 30 30 0D
1779553683072,74 34 35 30 38 30 30 30 30 30 37 30 30 30 30 30 30 30 32 30 33 0D
1779553683080,74 34 35 31 38 30 30 30 30 30 30 30 30 30 30 30 30 30 30 30 30 0D
1779553683100,74 34 35 31 38 30 30 30 30 30 30 30 30 30 30 30 30 30 30 30 30 0D
1779553683107,74 34 35 35 38 45 44 46 46 30 37 30 30 39 45 46 46 30 30 30 30 0D
1779553683118,74 34 35 33 38 39 41 30 30 30 30 30 30 30 30 30 30 30 30 30 30 0D
1779553683127,74 34 35 31 38 30 30 30 30 30 30 30 30 30 30 30 30 30 30 30 30 0D
1779553683131,74 34 35 39 38 30 30 30 30 30 30 30 30 30 30 30 30 30 30 30 30 0D
1779553683139,74 34 35 31 38 30 30 30 30 30 30 30 30 30 30 30 30 30 30 30 30 0D
1779553683145,74 34 35 35 38 45 44 46 46 30 36 30 30 39 46 46 46 30 30 30 30 0D
1779553683161,74 34 35 31 38 30 30 30 30 30 30 30 30 30 30 30 30 30 30 30 30 0D
1779553683166,74 34 35 30 38 30 30 30 30 30 37 30 30 30 30 30 30 30 32 30 33 0D
1779553683180,74 34 35 31 38 30 30 30 30 30 30 30 30 30 30 30 30 30 30 30 30 0D
1779553683197,74 34 35 31 38 30 30 30 30 30 30 30 30 30 30 30 30 30 30 30 30 0D
1779553683205,74 34 35 35 38 45 44 46 46 30 36 30 30 39 46 46 46 30 30 30 30 0D
1779553683217,74 34 35 33 38 39 41 30 30 30 30 30 30 30 30 30 30 30 30 30 30 0D
1779553683228,74 34 35 35 38 45 44 46 46 30 36 30 30 39 46 46 46 30 30 30 30 0D
1779553683243,74 34 35 31 38 30 30 30 30 30 30 30 30 30 30 30 30 30 30 30 30 0D
1779553683263,74 34 35 31 38 30 30 30 30 30 30 30 30 30 30 30 30 30 30 30 30 0D
1779553683267,74 34 35 30 38 30 30 30 30 30 37 30 30 30 30 30 30 30 32 30 33 0D
1779553683278,74 34 35 31 38 30 30 30 30 30 30 30 30 30 30 30 30 30 30 30 30 0D
1779553683281,74 34 35 36 38 45 38 46 46 30 38 30 30 30 35 30 30 30 30 30 30 0D
1779553683298,74 34 35 31 38 30 30 30 30 30 30 30 30 30 30 30 30 30 30 30 30 0D
1779553683306,74 34 35 35 38 45 44 46 46 30 36 30 30 39 46 46 46 30 30 30 30 0D
1779553683313,74 34 35 33 38 39 41 30 30 30 30 30 30 30 30 30 30 30 30 30 30 0D
1779553683318,74 34 35 31 38 30 30 30 30 30 30 30 30 30 30 30 30 30 30 30 30 0D
1779553683327,74 34 35 39 38 30 30 30 30 30 30 30 30 30 30 30 30 30 30 30 30 0D
1779553683341,74 34 35 31 38 30 30 30 30 30 30 30 30 30 30 30 30 30 30 30 30 0D
1779553683347,74 34 35 38 38 34 38 30 33 30 30 30 30 30 30 30 30 30 30 30 30 0D
1779553683362,74 34 35 31 38 30 30 30 30 30 30 30 30 30 30 30 30 30 30 30 30 0D
1779553683371,74 34 35 37 38 30 30 30 30 30 30 30 30 36 34 31 34 30 30 30 30 0D
1779553683378,74 34 35 31 38 30 30 30 30 30 30 30 30 30 30 30 30 30 30 30 30 0D
1779553683399,74 34 35 31 38 30 30 30 30 30 30 30 30 30 30 30 30 30 30 30 30 0D
1779553683405,74 34 35 35 38 45 44 46 46 30 37 30 30 39 45 46 46 30 30 30 30 0D
1779553683412,74 34 35 33 38 39 41 30 30 30 30 30 30 30 30 30 30 30 30 30 30 0D
1779553683419,74 34 35 31 38 30 30 30 30 30 30 30 30 30 30 30 30 30 30 30 30 0D
1779553683431,74 34 35 39 38 30 30 30 30 30 30 30 30 30 30 30 30 30 30 30 30 0D
1779553683444,74 34 35 31 38 30 30 30 30 30 30 30 30 30 30 30 30 30 30 30 30 0D
1779553683466,74 34 35 31 38 30 30 30 30 30 30 30 30 30 30 30 30 30 30 30 30 0D
1779553683477,74 34 35 30 38 30 30 30 30 30 37 30 30 30 30 30 30 30 32 30 33 0D
1779553683478,74 34 35 31 38 30 30 30 30 30 30 30 30 30 30 30 30 30 30 30 30 0D
1779553683484,74 34 35 35 38 45 44 46 46 30 37 30 30 39 45 46 46 30 30 30 30 0D
1779553683491,74 34 35 39 38 30 30 30 30 30 30 30 30 30 30 30 30 30 30 30 30 0D
1779553683497,74 34 35 31 38 30 30 30 30 30 30 30 30 30 30 30 30 30 30 30 30 0D
1779553683501,74 34 35 35 38 45 44 46 46 30 37 30 30 39 45 46 46 30 30 30 30 0D
1779553683513,74 34 35 33 38 39 41 30 30 30 30 30 30 30 30 30 30 30 30 30 30 0D
1779553683518,74 34 35 31 38 30 30 30 30 30 30 30 30 30 30 30 30 30 30 30 30 0D
1779553683526,74 34 35 35 38 45 44 46 46 30 36 30 30 39 45 46 46 30 30 30 30 0D
1779553683544,74 34 35 31 38 30 30 30 30 30 30 30 30 30 30 30 30 30 30 30 30 0D
1779553683564,74 34 35 31 38 30 30 30 30 30 30 30 30 30 30 30 30 30 30 30 30 0D
1779553683573,74 34 35 30 38 30 30 30 30 30 37 30 30 30 30 30 30 30 32 30 33 0D
1779553683576,74 34 35 31 38 30 30 30 30 30 30 30 30 30 30 30 30 30 30 30 30 0D
1779553683583,74 34 35 35 38 45 44 46 46 30 36 30 30 39 45 46 46 30 30 30 30 0D
1779553683598,74 34 35 31 38 30 30 30 30 30 30 30 30 30 30 30 30 30 30 30 30 0D
1779553683605,74 34 35 35 38 45 44 46 46 30 36 30 30 39 45 46 46 30 30 30 30 0D
1779553683614,74 34 35 33 38 39 41 30 30 30 30 30 30 30 30 30 30 30 30 30 30 0D
1779553683623,74 34 35 31 38 30 30 30 30 30 30 30 30 30 30 30 30 30 30 30 30 0D
1779553683626,74 34 35 39 38 30 30 30 30 30 30 30 30 30 30 30 30 30 30 30 30 0D
1779553683642,74 34 35 31 38 30 30 30 30 30 30 30 30 30 30 30 30 30 30 30 30 0D
1779553683663,74 34 35 31 38 30 30 30 30 30 30 30 30 30 30 30 30 30 30 30 30 0D
1779553683670,74 34 35 30 38 30 30 30 30 30 37 30 30 30 30 30 30 31 34 30 33 0D
1779553683677,74 34 35 31 38 30 30 30 30 30 30 30 30 30 30 30 30 30 30 30 30 0D
1779553683699,74 34 35 31 38 30 30 30 30 30 30 30 30 30 30 30 30 30 30 30 30 0D
1779553683707,74 34 35 33 38 39 41 30 30 30 30 30 30 30 30 30 30 30 30 30 30 0D
1779553683714,74 34 35 31 38 30 30 30 30 30 30 30 30 30 30 30 30 30 30 30 30 0D
1779553683723,74 34 35 35 38 45 44 46 46 30 37 30 30 39 45 46 46 30 30 30 30 0D
1779553683729,74 34 35 39 38 30 30 30 30 30 30 30 30 30 30 30 30 30 30 30 30 0D
1779553683740,74 34 35 31 38 30 30 30 30 30 30 30 30 30 30 30 30 30 30 30 30 0D
1779553683759,74 34 35 31 38 30 30 30 30 30 30 30 30 30 30 30 30 30 30 30 30 0D
1779553683769,74 34 35 30 38 30 30 30 30 30 37 30 30 30 30 30 30 30 32 30 33 0D
1779553683787,74 34 35 31 38 30 30 30 30 30 30 30 30 30 30 30 30 30 30 30 30 0D
1779553683802,74 34 35 31 38 30 30 30 30 30 30 30 30 30 30 30 30 30 30 30 30 0D
1779553683806,74 34 35 35 38 45 44 46 46 30 37 30 30 39 45 46 46 30 30 30 30 0D
1779553683809,74 34 35 33 38 39 41 30 30 30 30 30 30 30 30 30 30 30 30 30 30 0D
1779553683822,74 34 35 31 38 30 30 30 30 30 30 30 30 30 30 30 30 30 30 30 30 0D
1779553683828,74 34 35 39 38 30 30 30 30 30 30 30 30 30 30 30 30 30 30 30 30 0D
1779553683841,74 34 35 31 38 30 30 30 30 30 30 30 30 30 30 30 30 30 30 30 30 0D
1779553683866,74 34 35 31 38 30 30 30 30 30 30 30 30 30 30 30 30 30 30 30 30 0D
1779553683876,74 34 35 30 38 30 30 30 30 30 37 30 30 30 30 30 30 31 34 30 33 0D
1779553683887,74 34 35 31 38 30 30 30 30 30 30 30 30 30 30 30 30 30 30 30 30 0D
1779553683896,74 34 35 31 38 30 30 30 30 30 30 30 30 30 30 30 30 30 30 30 30 0D
1779553683901,74 34 35 35 38 45 44 46 46 30 37 30 30 39 45 46 46 30 30 30 30 0D
1779553683917,74 34 35 33 38 39 41 30 30 30 30 30 30 30 30 30 30 30 30 30 30 0D
1779553683920,74 34 35 31 38 30 30 30 30 30 30 30 30 30 30 30 30 30 30 30 30 0D
1779553683929,74 34 35 35 38 45 45 46 46 30 36 30 30 39 45 46 46 30 30 30 30 0D
1779553683949,74 34 35 31 38 30 30 30 30 30 30 30 30 30 30 30 30 30 30 30 30 0D
1779553683961,74 34 35 31 38 30 30 30 30 30 30 30 30 30 30 30 30 30 30 30 30 0D
1779553683970,74 34 35 30 38 30 30 30 30 30 37 30 30 30 30 30 30 31 34 30 33 0D
1779553683977,74 34 35 31 38 30 30 30 30 30 30 30 30 30 30 30 30 30 30 30 30 0D
1779553683980,74 34 35 34 38 30 31 30 30 30 30 30 30 30 30 30 30 30 30 30 30 0D
1779553683989,74 34 35 36 38 45 41 46 46 30 38 30 30 30 34 30 30 30 30 30 30 0D
1779553684002,74 34 35 31 38 30 30 30 30 30 30 30 30 30 30 30 30 30 30 30 30 0D
1779553684008,74 34 35 33 38 39 41 30 30 30 30 30 30 30 30 30 30 30 30 30 30 0D
1779553684021,74 34 35 31 38 30 30 30 30 30 30 30 30 30 30 30 30 30 30 30 30 0D
1779553684025,74 34 35 39 38 30 30 30 30 30 30 30 30 30 30 30 30 30 30 30 30 0D
1779553684040,74 34 35 31 38 30 30 30 30 30 30 30 30 30 30 30 30 30 30 30 30 0D
1779553684062,74 34 35 31 38 30 30 30 30 30 30 30 30 30 30 30 30 30 30 30 30 0D
1779553684069,74 34 35 32 38 38 43 30 30 30 30 30 30 30 30 30 30 30 30 30 30 0D
1779553684081,74 34 35 30 38 30 30 30 30 30 37 30 30 30 30 30 30 30 32 30 33 0D
1779553684096,74 34 35 31 38 30 30 30 30 30 30 30 30 30 30 30 30 30 30 30 30 0D
1779553684099,74 34 35 35 38 45 45 46 46 30 36 30 30 39 45 46 46 30 30 30 30 0D
1779553684110,74 34 35 33 38 39 41 30 30 30 30 30 30 30 30 30 30 30 30 30 30 0D
1779553684128,74 34 35 31 38 30 30 30 30 30 30 30 30 30 30 30 30 30 30 30 30 0D
1779553684136,74 34 35 39 38 30 30 30 30 30 30 30 30 30 30 30 30 30 30 30 30 0D
1779553684146,74 34 35 31 38 30 30 30 30 30 30 30 30 30 30 30 30 30 30 30 30 0D
1779553684160,74 34 35 31 38 30 30 30 30 30 30 30 30 30 30 30 30 30 30 30 30 0D
1779553684176,74 34 35 30 38 30 30 30 30 30 37 30 30 30 30 30 30 30 32 30 33 0D
1779553684190,74 34 35 31 38 30 30 30 30 30 30 30 30 30 30 30 30 30 30 30 30 0D
1779553684197,74 34 35 31 38 30 30 30 30 30 30 30 30 30 30 30 30 30 30 30 30 0D
1779553684204,74 34 35 35 38 45 43 46 46 30 36 30 30 39 45 46 46 30 30 30 30 0D 74 34 35 36 38 45 41 46 46 30 38 30 30 30 34 30 30 30 30 30 30 0D
1779553684207,74 34 35 33 38 39 41 30 30 30 30 30 30 30 30 30 30 30 30 30 30 0D
1779553684210,74 34 35 37 38 30 30 30 30 30 30 30 30 36 34 31 34 30 31 30 30 0D
1779553684227,74 34 35 31 38 30 30 30 30 30 30 30 30 30 30 30 30 30 30 30 30 0D
1779553684239,74 34 35 31 38 30 30 30 30 30 30 30 30 30 30 30 30 30 30 30 30 0D
1779553684262,74 34 35 31 38 30 30 30 30 30 30 30 30 30 30 30 30 30 30 30 30 0D
1779553684277,74 34 35 30 38 30 30 30 30 30 37 30 30 30 30 30 30 30 32 30 33 0D
1779553684281,74 34 35 39 38 30 30 30 30 30 30 30 30 30 30 30 30 30 30 30 30 0D
1779553684297,74 34 35 31 38 30 30 30 30 30 30 30 30 30 30 30 30 30 30 30 30 0D
1779553684306,74 34 35 35 38 45 43 46 46 30 36 30 30 39 45 46 46 30 30 30 30 0D
1779553684315,74 34 35 37 38 30 30 30 30 30 30 30 30 36 34 31 34 30 30 30 30 0D
1779553684322,74 34 35 31 38 30 30 30 30 30 30 30 30 30 30 30 30 30 30 30 30 0D
1779553684329,74 34 35 39 38 30 30 30 30 30 30 30 30 30 30 30 30 30 30 30 30 0D
1779553684353,74 34 35 31 38 30 30 30 30 30 30 30 30 30 30 30 30 30 30 30 30 0D
1779553684357,74 34 35 38 38 34 38 30 33 30 30 30 30 30 30 30 30 30 30 30 30 0D
1779553684364,74 34 35 31 38 30 30 30 30 30 30 30 30 30 30 30 30 30 30 30 30 0D
1779553684374,74 34 35 30 38 30 30 30 30 30 37 30 30 30 30 30 30 30 32 30 33 0D
1779553684381,74 34 35 31 38 30 30 30 30 30 30 30 30 30 30 30 30 30 30 30 30 0D 74 34 35 36 38 45 41 46 46 30 37 30 30 30 35 30 30 30 30 30 30 0D
1779553684399,74 34 35 31 38 30 30 30 30 30 30 30 30 30 30 30 30 30 30 30 30 0D
1779553684404,74 34 35 35 38 45 44 46 46 30 36 30 30 39 46 46 46 30 30 30 30 0D
1779553684409,74 34 35 33 38 39 41 30 30 30 30 30 30 30 30 30 30 30 30 30 30 0D
1779553684424,74 34 35 31 38 30 30 30 30 30 30 30 30 30 30 30 30 30 30 30 30 0D
1779553684429,74 34 35 39 38 30 30 30 30 30 30 30 30 30 30 30 30 30 30 30 30 0D
1779553684446,74 34 35 31 38 30 30 30 30 30 30 30 30 30 30 30 30 30 30 30 30 0D
1779553684458,74 34 35 31 38 30 30 30 30 30 30 30 30 30 30 30 30 30 30 30 30 0D
1779553684463,74 34 35 32 38 38 43 30 30 30 30 30 30 30 30 30 30 30 30 30 30 0D
1779553684481,74 34 35 30 38 30 30 30 30 30 37 30 30 30 30 30 30 30 32 30 33 0D
1779553684501,74 34 35 31 38 30 30 30 30 30 30 30 30 30 30 30 30 30 30 30 30 0D
1779553684507,74 34 35 33 38 39 41 30 30 30 30 30 30 30 30 30 30 30 30 30 30 0D
1779553684527,74 34 35 31 38 30 30 30 30 30 30 30 30 30 30 30 30 30 30 30 30 0D
1779553684531,74 34 35 39 38 30 30 30 30 30 30 30 30 30 30 30 30 30 30 30 30 0D
1779553684537,74 34 35 31 38 30 30 30 30 30 30 30 30 30 30 30 30 30 30 30 30 0D
1779553684570,74 34 35 31 38 30 30 30 30 30 30 30 30 30 30 30 30 30 30 30 30 0D
1779553684573,74 34 35 30 38 30 30 30 30 30 37 30 30 30 30 30 30 30 32 30 33 0D
1779553684577,74 34 35 31 38 30 30 30 30 30 30 30 30 30 30 30 30 30 30 30 30 0D
1779553684581,74 34 35 34 38 30 31 30 30 30 30 30 30 30 30 30 30 30 30 30 30 0D
1779553684602,74 34 35 31 38 30 30 30 30 30 30 30 30 30 30 30 30 30 30 30 30 0D
1779553684611,74 34 35 35 38 45 44 46 46 30 36 30 30 39 45 46 46 30 30 30 30 0D
1779553684625,74 34 35 31 38 30 30 30 30 30 30 30 30 30 30 30 30 30 30 30 30 0D
1779553684636,74 34 35 39 38 30 30 30 30 30 30 30 30 30 30 30 30 30 30 30 30 0D
1779553684642,74 34 35 31 38 30 30 30 30 30 30 30 30 30 30 30 30 30 30 30 30 0D
1779553684654,74 34 35 31 38 30 30 30 30 30 30 30 30 30 30 30 30 30 30 30 30 0D
1779553684660,74 34 35 32 38 38 43 30 30 30 30 30 30 30 30 30 30 30 30 30 30 0D
1779553684674,74 34 35 30 38 30 30 30 30 30 37 30 30 30 30 30 30 30 32 30 33 0D
1779553684686,74 34 35 31 38 30 30 30 30 30 30 30 30 30 30 30 30 30 30 30 30 0D
1779553684701,74 34 35 31 38 30 30 30 30 30 30 30 30 30 30 30 30 30 30 30 30 0D
1779553684704,74 34 35 33 38 39 41 30 30 30 30 30 30 30 30 30 30 30 30 30 30 0D
1779553684724,74 34 35 31 38 30 30 30 30 30 30 30 30 30 30 30 30 30 30 30 30 0D
1779553684731,74 34 35 39 38 30 30 30 30 30 30 30 30 30 30 30 30 30 30 30 30 0D
1779553684743,74 34 35 31 38 30 30 30 30 30 30 30 30 30 30 30 30 30 30 30 30 0D
1779553684760,74 34 35 31 38 30 30 30 30 30 30 30 30 30 30 30 30 30 30 30 30 0D
1779553684773,74 34 35 30 38 30 30 30 30 30 37 30 30 30 30 30 30 30 32 30 33 0D
1779553684778,74 34 35 31 38 30 30 30 30 30 30 30 30 30 30 30 30 30 30 30 30 0D
1779553684783,74 34 35 35 38 45 43 46 46 30 36 30 30 39 45 46 46 30 30 30 30 0D 74 34 35 39 38 30 30 30 30 30 30 30 30 30 30 30 30 30 30 30 30 0D
1779553684796,74 34 35 31 38 30 30 30 30 30 30 30 30 30 30 30 30 30 30 30 30 0D
1779553684806,74 34 35 35 38 45 43 46 46 30 36 30 30 39 45 46 46 30 30 30 30 0D
1779553684808,74 34 35 33 38 39 41 30 30 30 30 30 30 30 30 30 30 30 30 30 30 0D
1779553684825,74 34 35 31 38 30 30 30 30 30 30 30 30 30 30 30 30 30 30 30 30 0D
1779553684831,74 34 35 39 38 30 30 30 30 30 30 30 30 30 30 30 30 30 30 30 30 0D
1779553684841,74 34 35 31 38 30 30 30 30 30 30 30 30 30 30 30 30 30 30 30 30 0D
1779553684860,74 34 35 31 38 30 30 30 30 30 30 30 30 30 30 30 30 30 30 30 30 0D
1779553684866,74 34 35 30 38 30 30 30 30 30 37 30 30 30 30 30 30 30 32 30 33 0D
1779553684877,74 34 35 31 38 30 30 30 30 30 30 30 30 30 30 30 30 30 30 30 30 0D
1779553684882,74 34 35 34 38 30 31 30 30 30 30 30 30 30 30 30 30 30 30 30 30 0D
1779553684907,74 34 35 31 38 30 30 30 30 30 30 30 30 30 30 30 30 30 30 30 30 0D
1779553684917,74 34 35 33 38 39 41 30 30 30 30 30 30 30 30 30 30 30 30 30 30 0D
1779553684926,74 34 35 39 38 30 30 30 30 30 30 30 30 30 30 30 30 30 30 30 30 0D
1779553684939,74 34 35 31 38 30 30 30 30 30 30 30 30 30 30 30 30 30 30 30 30 0D
1779553684966,74 34 35 31 38 30 30 30 30 30 30 30 30 30 30 30 30 30 30 30 30 0D
1779553684972,74 34 35 30 38 30 30 30 30 30 37 30 30 30 30 30 30 30 32 30 33 0D
1779553684974,74 34 35 31 38 30 30 30 30 30 30 30 30 30 30 30 30 30 30 30 30 0D
1779553684986,74 34 35 34 38 30 31 30 30 30 30 30 30 30 30 30 30 30 30 30 30 0D
1779553685004,74 34 35 31 38 30 30 30 30 30 30 30 30 30 30 30 30 30 30 30 30 0D
1779553685008,74 34 35 35 38 45 44 46 46 30 36 30 30 39 45 46 46 30 30 30 30 0D
1779553685012,74 34 35 37 38 30 30 30 30 30 30 30 30 36 34 31 34 30 30 30 30 0D
1779553685023,74 34 35 31 38 30 30 30 30 30 30 30 30 30 30 30 30 30 30 30 30 0D
1779553685025,74 34 35 39 38 30 30 30 30 30 30 30 30 30 30 30 30 30 30 30 30 0D
1779553685045,74 34 35 31 38 30 30 30 30 30 30 30 30 30 30 30 30 30 30 30 30 0D
1779553685059,74 34 35 31 38 30 30 30 30 30 30 30 30 30 30 30 30 30 30 30 30 0D
1779553685068,74 34 35 32 38 38 43 30 30 30 30 30 30 30 30 30 30 30 30 30 30 0D
1779553685075,74 34 35 30 38 30 30 30 30 30 37 30 30 30 30 30 30 31 34 30 33 0D
1779553685080,74 34 35 31 38 30 30 30 30 30 30 30 30 30 30 30 30 30 30 30 30 0D
1779553685087,74 34 35 34 38 30 31 30 30 30 30 30 30 30 30 30 30 30 30 30 30 0D
1779553685092,74 34 35 36 38 45 41 46 46 30 37 30 30 30 35 30 30 30 30 30 30 0D
1779553685100,74 34 35 31 38 30 30 30 30 30 30 30 30 30 30 30 30 30 30 30 30 0D
1779553685104,74 34 35 33 38 39 41 30 30 30 30 30 30 30 30 30 30 30 30 30 30 0D
1779553685109,74 34 35 37 38 30 30 30 30 30 30 30 30 36 34 31 34 30 30 30 30 0D
1779553685132,74 34 35 31 38 30 30 30 30 30 30 30 30 30 30 30 30 30 30 30 30 0D
1779553685141,74 34 35 39 38 30 30 30 30 30 30 30 30 30 30 30 30 30 30 30 30 0D
1779553685156,74 34 35 31 38 30 30 30 30 30 30 30 30 30 30 30 30 30 30 30 30 0D
1779553685161,74 34 35 35 38 45 44 46 46 30 36 30 30 39 45 46 46 30 30 30 30 0D
1779553685181,74 34 35 30 38 30 30 30 30 30 37 30 30 30 30 30 30 31 34 30 33 0D
1779553685187,74 34 35 36 38 45 39 46 46 30 38 30 30 30 34 30 30 30 30 30 30 0D
1779553685205,74 34 35 31 38 30 30 30 30 30 30 30 30 30 30 30 30 30 30 30 30 0D
1779553685216,74 34 35 37 38 30 30 30 30 30 30 30 30 36 34 31 34 30 31 30 30 0D
1779553685224,74 34 35 31 38 30 30 30 30 30 30 30 30 30 30 30 30 30 30 30 30 0D
1779553685236,74 34 35 31 38 30 30 30 30 30 30 30 30 30 30 30 30 30 30 30 30 0D
1779553685258,74 34 35 31 38 30 30 30 30 30 30 30 30 30 30 30 30 30 30 30 30 0D
1779553685263,74 34 35 32 38 38 43 30 30 30 30 30 30 30 30 30 30 30 30 30 30 0D
1779553685275,74 34 35 30 38 30 30 30 30 30 37 30 30 30 30 30 30 31 34 30 33 0D
1779553685281,74 34 35 35 38 45 44 46 46 30 36 30 30 39 45 46 46 30 30 30 30 0D
1779553685286,74 34 35 36 38 45 39 46 46 30 38 30 30 30 34 30 30 30 30 30 30 0D
1779553685304,74 34 35 31 38 30 30 30 30 30 30 30 30 30 30 30 30 30 30 30 30 0D
1779553685308,74 34 35 33 38 39 41 30 30 30 30 30 30 30 30 30 30 30 30 30 30 0D
1779553685314,74 34 35 37 38 30 30 30 30 30 30 30 30 36 34 31 34 30 32 30 30 0D
1779553685324,74 34 35 31 38 30 30 30 30 30 30 30 30 30 30 30 30 30 30 30 30 0D
1779553685333,74 34 35 39 38 30 30 30 30 30 30 30 30 30 30 30 30 30 30 30 30 0D
1779553685340,74 34 35 31 38 30 30 30 30 30 30 30 30 30 30 30 30 30 30 30 30 0D
1779553685353,74 34 35 38 38 34 38 30 33 30 30 30 30 30 30 30 30 30 30 30 30 0D
1779553685363,74 34 35 31 38 30 30 30 30 30 30 30 30 30 30 30 30 30 30 30 30 0D
1779553685377,74 34 35 30 38 30 30 30 30 30 37 30 30 30 30 30 30 31 34 30 33 0D
1779553685381,74 34 35 31 38 30 30 30 30 30 30 30 30 30 30 30 30 30 30 30 30 0D
1779553685384,74 34 35 34 38 30 31 30 30 30 30 30 30 30 30 30 30 30 30 30 30 0D
1779553685403,74 34 35 31 38 30 30 30 30 30 30 30 30 30 30 30 30 30 30 30 30 0D
1779553685411,74 34 35 33 38 39 41 30 30 30 30 30 30 30 30 30 30 30 30 30 30 0D
1779553685420,74 34 35 31 38 30 30 30 30 30 30 30 30 30 30 30 30 30 30 30 30 0D
1779553685424,74 34 35 35 38 45 44 46 46 30 36 30 30 39 45 46 46 30 30 30 30 0D
1779553685431,74 34 35 39 38 30 30 30 30 30 30 30 30 30 30 30 30 30 30 30 30 0D
1779553685440,74 34 35 31 38 30 30 30 30 30 30 30 30 30 30 30 30 30 30 30 30 0D
1779553685447,74 34 35 35 38 45 44 46 46 30 36 30 30 39 45 46 46 30 30 30 30 0D
1779553685459,74 34 35 31 38 30 30 30 30 30 30 30 30 30 30 30 30 30 30 30 30 0D
1779553685463,74 34 35 32 38 38 43 30 30 30 30 30 30 30 30 30 30 30 30 30 30 0D
1779553685470,74 34 35 30 38 30 30 30 30 30 37 30 30 30 30 30 30 31 34 30 33 0D
1779553685481,74 34 35 31 38 30 30 30 30 30 30 30 30 30 30 30 30 30 30 30 30 0D
1779553685498,74 34 35 39 38 30 30 30 30 30 30 30 30 30 30 30 30 30 30 30 30 0D
1779553685506,74 34 35 33 38 39 41 30 30 30 30 30 30 30 30 30 30 30 30 30 30 0D
1779553685509,74 34 35 37 38 30 30 30 30 30 30 30 30 36 34 31 34 30 31 30 30 0D
1779553685530,74 34 35 31 38 30 30 30 30 30 30 30 30 30 30 30 30 30 30 30 30 0D
1779553685534,74 34 35 31 38 30 30 30 30 30 30 30 30 30 30 30 30 30 30 30 30 0D
1779553685539,74 34 35 35 38 45 44 46 46 30 36 30 30 39 44 46 46 30 30 30 30 0D
1779553685563,74 34 35 31 38 30 30 30 30 30 30 30 30 30 30 30 30 30 30 30 30 0D
1779553685574,74 34 35 32 38 38 43 30 30 30 30 30 30 30 30 30 30 30 30 30 30 0D
1779553685585,74 34 35 31 38 30 30 30 30 30 30 30 30 30 30 30 30 30 30 30 30 0D
1779553685608,74 34 35 31 38 30 30 30 30 30 30 30 30 30 30 30 30 30 30 30 30 0D
1779553685614,74 34 35 33 38 39 41 30 30 30 30 30 30 30 30 30 30 30 30 30 30 0D
1779553685621,74 34 35 37 38 30 30 30 30 30 30 30 30 36 34 31 34 30 30 30 30 0D
1779553685624,74 34 35 31 38 30 30 30 30 30 30 30 30 30 30 30 30 30 30 30 30 0D
1779553685629,74 34 35 39 38 30 30 30 30 30 30 30 30 30 30 30 30 30 30 30 30 0D
1779553685636,74 34 35 31 38 30 30 30 30 30 30 30 30 30 30 30 30 30 30 30 30 0D
1779553685646,74 34 35 36 38 45 39 46 46 30 38 30 30 30 35 30 30 30 30 30 30 0D
1779553685655,74 34 35 31 38 30 30 30 30 30 30 30 30 30 30 30 30 30 30 30 30 0D
1779553685661,74 34 35 32 38 38 43 30 30 30 30 30 30 30 30 30 30 30 30 30 30 0D
1779553685666,74 34 35 30 38 30 30 30 30 30 37 30 30 30 30 30 30 31 34 30 33 0D
1779553685680,74 34 35 31 38 30 30 30 30 30 30 30 30 30 30 30 30 30 30 30 30 0D
1779553685686,74 34 35 34 38 30 31 30 30 30 30 30 30 30 30 30 30 30 30 30 30 0D
1779553685696,74 34 35 31 38 30 30 30 30 30 30 30 30 30 30 30 30 30 30 30 30 0D
1779553685703,74 34 35 33 38 39 41 30 30 30 30 30 30 30 30 30 30 30 30 30 30 0D
1779553685707,74 34 35 37 38 30 30 30 30 30 30 30 30 36 34 31 34 30 31 30 30 0D
1779553685719,74 34 35 31 38 30 30 30 30 30 30 30 30 30 30 30 30 30 30 30 30 0D
1779553685731,74 34 35 39 38 30 30 30 30 30 30 30 30 30 30 30 30 30 30 30 30 0D
1779553685736,74 34 35 31 38 30 30 30 30 30 30 30 30 30 30 30 30 30 30 30 30 0D
1779553685743,74 34 35 35 38 45 44 46 46 30 36 30 30 39 46 46 46 30 30 30 30 0D
1779553685763,74 34 35 31 38 30 30 30 30 30 30 30 30 30 30 30 30 30 30 30 30 0D
1779553685770,74 34 35 32 38 38 43 30 30 30 30 30 30 30 30 30 30 30 30 30 30 0D 74 34 35 35 38 45 44 46 46 30 36 30 30 39 46 46 46 30 30 30 30 0D
1779553685779,74 34 35 30 38 30 30 30 30 30 37 30 30 30 30 30 30 31 34 30 33 0D
1779553685782,74 34 35 31 38 30 30 30 30 30 30 30 30 30 30 30 30 30 30 30 30 0D
1779553685791,74 34 35 39 38 30 30 30 30 30 30 30 30 30 30 30 30 30 30 30 30 0D
1779553685802,74 34 35 31 38 30 30 30 30 30 30 30 30 30 30 30 30 30 30 30 30 0D
1779553685809,74 34 35 33 38 39 41 30 30 30 30 30 30 30 30 30 30 30 30 30 30 0D
1779553685817,74 34 35 37 38 30 30 30 30 30 30 30 30 36 34 31 34 30 30 30 30 0D
1779553685828,74 34 35 31 38 30 30 30 30 30 30 30 30 30 30 30 30 30 30 30 30 0D
1779553685832,74 34 35 39 38 30 30 30 30 30 30 30 30 30 30 30 30 30 30 30 30 0D
1779553685838,74 34 35 31 38 30 30 30 30 30 30 30 30 30 30 30 30 30 30 30 30 0D
1779553685841,74 34 35 35 38 45 44 46 46 30 36 30 30 39 46 46 46 30 30 30 30 0D
1779553685861,74 34 35 31 38 30 30 30 30 30 30 30 30 30 30 30 30 30 30 30 30 0D
1779553685866,74 34 35 32 38 38 43 30 30 30 30 30 30 30 30 30 30 30 30 30 30 0D
1779553685882,74 34 35 30 38 30 30 30 30 30 37 30 30 30 30 30 30 31 34 30 33 0D
1779553685888,74 34 35 34 38 30 31 30 30 30 30 30 30 30 30 30 30 30 30 30 30 0D
1779553685907,74 34 35 31 38 30 30 30 30 30 30 30 30 30 30 30 30 30 30 30 30 0D
1779553685931,74 34 35 31 38 30 30 30 30 30 30 30 30 30 30 30 30 30 30 30 30 0D
1779553685940,74 34 35 31 38 30 30 30 30 30 30 30 30 30 30 30 30 30 30 30 30 0D
1779553685949,74 34 35 35 38 45 44 46 46 30 36 30 30 39 45 46 46 30 30 30 30 0D
1779553685961,74 34 35 31 38 30 30 30 30 30 30 30 30 30 30 30 30 30 30 30 30 0D
1779553685972,74 34 35 30 38 30 30 30 30 30 37 30 30 30 30 30 30 30 32 30 33 0D
1779553685979,74 34 35 31 38 30 30 30 30 30 30 30 30 30 30 30 30 30 30 30 30 0D
1779553685989,74 34 35 35 38 45 44 46 46 30 36 30 30 39 45 46 46 30 30 30 30 0D
1779553686078,74 34 35 31 38 30 30 30 30 30 30 30 30 30 30 30 30 30 30 30 30 0D
1779553686091,74 34 35 39 38 30 30 30 30 30 30 30 30 30 30 30 30 30 30 30 30 0D
1779553686105,74 34 35 31 38 30 30 30 30 30 30 30 30 30 30 30 30 30 30 30 30 0D
1779553686114,74 34 35 33 38 39 41 30 30 30 30 30 30 30 30 30 30 30 30 30 30 0D
1779553686127,74 34 35 31 38 30 30 30 30 30 30 30 30 30 30 30 30 30 30 30 30 0D
1779553686141,74 34 35 39 38 30 30 30 30 30 30 30 30 30 30 30 30 30 30 30 30 0D
1779553686160,74 34 35 31 38 30 30 30 30 30 30 30 30 30 30 30 30 30 30 30 30 0D
1779553686169,74 34 35 30 38 30 30 30 30 30 37 30 30 30 30 30 30 30 32 30 33 0D
1779553686175,74 34 35 31 38 30 30 30 30 30 30 30 30 30 30 30 30 30 30 30 30 0D
1779553686190,74 34 35 35 38 45 44 46 46 30 36 30 30 39 46 46 46 30 30 30 30 0D
1779553686210,74 34 35 31 38 30 30 30 30 30 30 30 30 30 30 30 30 30 30 30 30 0D
1779553686217,74 34 35 37 38 30 30 30 30 30 30 30 30 36 34 31 34 30 31 30 30 0D
1779553686224,74 34 35 36 38 45 41 46 46 30 38 30 30 30 35 30 30 30 30 30 30 0D
1779553686233,74 34 35 39 38 30 30 30 30 30 30 30 30 30 30 30 30 30 30 30 30 0D
1779553686244,74 34 35 31 38 30 30 30 30 30 30 30 30 30 30 30 30 30 30 30 30 0D
1779553686261,74 34 35 31 38 30 30 30 30 30 30 30 30 30 30 30 30 30 30 30 30 0D
1779553686268,74 34 35 30 38 30 30 30 30 30 37 30 30 30 30 30 30 30 32 30 33 0D
1779553686277,74 34 35 31 38 30 30 30 30 30 30 30 30 30 30 30 30 30 30 30 30 0D
1779553686286,74 34 35 34 38 30 31 30 30 30 30 30 30 30 30 30 30 30 30 30 30 0D
1779553686305,74 34 35 31 38 30 30 30 30 30 30 30 30 30 30 30 30 30 30 30 30 0D
1779553686315,74 34 35 33 38 39 41 30 30 30 30 30 30 30 30 30 30 30 30 30 30 0D
1779553686321,74 34 35 31 38 30 30 30 30 30 30 30 30 30 30 30 30 30 30 30 30 0D
1779553686334,74 34 35 35 38 45 44 46 46 30 36 30 30 39 46 46 46 30 30 30 30 0D
1779553686346,74 34 35 39 38 30 30 30 30 30 30 30 30 30 30 30 30 30 30 30 30 0D
1779553686354,74 34 35 38 38 34 39 30 33 30 30 30 30 30 30 30 30 30 30 30 30 0D
1779553686361,74 34 35 31 38 30 30 30 30 30 30 30 30 30 30 30 30 30 30 30 30 0D
1779553686371,74 34 35 32 38 38 43 30 30 30 30 30 30 30 30 30 30 30 30 30 30 0D
1779553686380,74 34 35 31 38 30 30 30 30 30 30 30 30 30 30 30 30 30 30 30 30 0D
1779553686406,74 34 35 31 38 30 30 30 30 30 30 30 30 30 30 30 30 30 30 30 30 0D
1779553686418,74 34 35 33 38 39 41 30 30 30 30 30 30 30 30 30 30 30 30 30 30 0D
1779553686422,74 34 35 31 38 30 30 30 30 30 30 30 30 30 30 30 30 30 30 30 30 0D
1779553686431,74 34 35 39 38 30 30 30 30 30 30 30 30 30 30 30 30 30 30 30 30 0D
1779553686437,74 34 35 31 38 30 30 30 30 30 30 30 30 30 30 30 30 30 30 30 30 0D
1779553686444,74 34 35 35 38 45 44 46 46 30 36 30 30 39 46 46 46 30 30 30 30 0D
1779553686457,74 34 35 31 38 30 30 30 30 30 30 30 30 30 30 30 30 30 30 30 30 0D
1779553686467,74 34 35 32 38 38 43 30 30 30 30 30 30 30 30 30 30 30 30 30 30 0D 74 34 35 35 38 45 44 46 46 30 36 30 30 39 46 46 46 30 30 30 30 0D
1779553686478,74 34 35 30 38 30 30 30 30 30 37 30 30 30 30 30 30 30 32 30 33 0D
1779553686484,74 34 35 31 38 30 30 30 30 30 30 30 30 30 30 30 30 30 30 30 30 0D
1779553686495,74 34 35 31 38 30 30 30 30 30 30 30 30 30 30 30 30 30 30 30 30 0D
1779553686503,74 34 35 35 38 45 44 46 46 30 36 30 30 39 46 46 46 30 30 30 30 0D
1779553686509,74 34 35 33 38 39 41 30 30 30 30 30 30 30 30 30 30 30 30 30 30 0D
1779553686518,74 34 35 37 38 30 30 30 30 30 30 30 30 36 34 31 34 30 30 30 30 0D
1779553686530,74 34 35 39 38 30 30 30 30 30 30 30 30 30 30 30 30 30 30 30 30 0D
1779553686541,74 34 35 31 38 30 30 30 30 30 30 30 30 30 30 30 30 30 30 30 30 0D
1779553686561,74 34 35 31 38 30 30 30 30 30 30 30 30 30 30 30 30 30 30 30 30 0D
1779553686570,74 34 35 32 38 38 43 30 30 30 30 30 30 30 30 30 30 30 30 30 30 0D
1779553686579,74 34 35 31 38 30 30 30 30 30 30 30 30 30 30 30 30 30 30 30 30 0D
1779553686609,74 34 35 31 38 30 30 30 30 30 30 30 30 30 30 30 30 30 30 30 30 0D
1779553686623,74 34 35 33 38 39 41 30 30 30 30 30 30 30 30 30 30 30 30 30 30 0D
1779553686633,74 34 35 35 38 45 44 46 46 30 36 30 30 39 45 46 46 30 30 30 30 0D
1779553686646,74 34 35 39 38 30 30 30 30 30 30 30 30 30 30 30 30 30 30 30 30 0D
1779553686658,74 34 35 31 38 30 30 30 30 30 30 30 30 30 30 30 30 30 30 30 30 0D
1779553686664,74 34 35 32 38 38 43 30 30 30 30 30 30 30 30 30 30 30 30 30 30 0D
1779553686672,74 34 35 35 38 45 44 46 46 30 36 30 30 39 45 46 46 30 30 30 30 0D
1779553686680,74 34 35 31 38 30 30 30 30 30 30 30 30 30 30 30 30 30 30 30 30 0D
1779553686701,74 34 35 31 38 30 30 30 30 30 30 30 30 30 30 30 30 30 30 30 30 0D
1779553686708,74 34 35 33 38 39 41 30 30 30 30 30 30 30 30 30 30 30 30 30 30 0D
1779553686719,74 34 35 37 38 30 30 30 30 30 30 30 30 36 34 31 34 30 30 30 30 0D
1779553686733,74 34 35 31 38 30 30 30 30 30 30 30 30 30 30 30 30 30 30 30 30 0D
1779553686738,74 34 35 31 38 30 30 30 30 30 30 30 30 30 30 30 30 30 30 30 30 0D
1779553686758,74 34 35 31 38 30 30 30 30 30 30 30 30 30 30 30 30 30 30 30 30 0D
1779553686771,74 34 35 32 38 38 43 30 30 30 30 30 30 30 30 30 30 30 30 30 30 0D
1779553686784,74 34 35 31 38 30 30 30 30 30 30 30 30 30 30 30 30 30 30 30 30 0D
1779553686803,74 34 35 31 38 30 30 30 30 30 30 30 30 30 30 30 30 30 30 30 30 0D
1779553686815,74 34 35 33 38 39 41 30 30 30 30 30 30 30 30 30 30 30 30 30 30 0D
1779553686825,74 34 35 31 38 30 30 30 30 30 30 30 30 30 30 30 30 30 30 30 30 0D
1779553686832,74 34 35 39 38 30 30 30 30 30 30 30 30 30 30 30 30 30 30 30 30 0D
1779553686841,74 34 35 31 38 30 30 30 30 30 30 30 30 30 30 30 30 30 30 30 30 0D
1779553686862,74 34 35 31 38 30 30 30 30 30 30 30 30 30 30 30 30 30 30 30 30 0D
1779553686874,74 34 35 32 38 38 43 30 30 30 30 30 30 30 30 30 30 30 30 30 30 0D 74 34 35 35 38 45 43 46 46 30 36 30 30 39 45 46 46 30 30 30 30 0D
1779553686884,74 34 35 31 38 30 30 30 30 30 30 30 30 30 30 30 30 30 30 30 30 0D
1779553686901,74 34 35 31 38 30 30 30 30 30 30 30 30 30 30 30 30 30 30 30 30 0D
1779553686904,74 34 35 36 38 45 38 46 46 30 38 30 30 30 35 30 30 30 30 30 30 0D
1779553686926,74 34 35 33 38 39 41 30 30 30 30 30 30 30 30 30 30 30 30 30 30 0D
1779553686931,74 34 35 39 38 30 30 30 30 30 30 30 30 30 30 30 30 30 30 30 30 0D
1779553686937,74 34 35 31 38 30 30 30 30 30 30 30 30 30 30 30 30 30 30 30 30 0D
1779553686958,74 34 35 31 38 30 30 30 30 30 30 30 30 30 30 30 30 30 30 30 30 0D
1779553686966,74 34 35 32 38 38 43 30 30 30 30 30 30 30 30 30 30 30 30 30 30 0D 74 34 35 37 38 30 30 30 30 30 30 30 30 36 34 31 34 30 30 30 30 0D
1779553686982,74 34 35 30 38 30 30 30 30 30 37 30 30 30 30 30 30 30 32 30 33 0D
1779553686996,74 34 35 31 38 30 30 30 30 30 30 30 30 30 30 30 30 30 30 30 30 0D
1779553687006,74 34 35 31 38 30 30 30 30 30 30 30 30 30 30 30 30 30 30 30 30 0D
1779553687015,74 34 35 33 38 39 41 30 30 30 30 30 30 30 30 30 30 30 30 30 30 0D
1779553687029,74 34 35 31 38 30 30 30 30 30 30 30 30 30 30 30 30 30 30 30 30 0D
1779553687035,74 34 35 36 38 45 38 46 46 30 38 30 30 30 35 30 30 30 30 30 30 0D
1779553687042,74 34 35 35 38 45 44 46 46 30 37 30 30 39 45 46 46 30 30 30 30 0D
1779553687058,74 34 35 31 38 30 30 30 30 30 30 30 30 30 30 30 30 30 30 30 30 0D
1779553687070,74 34 35 35 38 45 44 46 46 30 37 30 30 39 45 46 46 30 30 30 30 0D
1779553687083,74 34 35 31 38 30 30 30 30 30 30 30 30 30 30 30 30 30 30 30 30 0D
1779553687097,74 34 35 31 38 30 30 30 30 30 30 30 30 30 30 30 30 30 30 30 30 0D
1779553687103,74 34 35 35 38 45 44 46 46 30 37 30 30 39 45 46 46 30 30 30 30 0D
1779553687117,74 34 35 33 38 39 41 30 30 30 30 30 30 30 30 30 30 30 30 30 30 0D
1779553687125,74 34 35 31 38 30 30 30 30 30 30 30 30 30 30 30 30 30 30 30 30 0D
1779553687135,74 34 35 39 38 30 30 30 30 30 30 30 30 30 30 30 30 30 30 30 30 0D
1779553687145,74 34 35 31 38 30 30 30 30 30 30 30 30 30 30 30 30 30 30 30 30 0D
1779553687162,74 34 35 31 38 30 30 30 30 30 30 30 30 30 30 30 30 30 30 30 30 0D
1779553687170,74 34 35 32 38 38 43 30 30 30 30 30 30 30 30 30 30 30 30 30 30 0D
1779553687190,74 34 35 31 38 30 30 30 30 30 30 30 30 30 30 30 30 30 30 30 30 0D
1779553687208,74 34 35 31 38 30 30 30 30 30 30 30 30 30 30 30 30 30 30 30 30 0D
1779553687217,74 34 35 33 38 39 41 30 30 30 30 30 30 30 30 30 30 30 30 30 30 0D
1779553687227,74 34 35 35 38 45 43 46 46 30 36 30 30 39 46 46 46 30 30 30 30 0D
1779553687232,74 34 35 39 38 30 30 30 30 30 30 30 30 30 30 30 30 30 30 30 30 0D
1779553687238,74 34 35 31 38 30 30 30 30 30 30 30 30 30 30 30 30 30 30 30 30 0D
1779553687260,74 34 35 31 38 30 30 30 30 30 30 30 30 30 30 30 30 30 30 30 30 0D
1779553687270,74 34 35 35 38 45 43 46 46 30 36 30 30 39 46 46 46 30 30 30 30 0D
1779553687283,74 34 35 31 38 30 30 30 30 30 30 30 30 30 30 30 30 30 30 30 30 0D
1779553687296,74 34 35 31 38 30 30 30 30 30 30 30 30 30 30 30 30 30 30 30 30 0D
1779553687300,74 34 35 35 38 45 43 46 46 30 36 30 30 39 46 46 46 30 30 30 30 0D
1779553687323,74 34 35 33 38 39 41 30 30 30 30 30 30 30 30 30 30 30 30 30 30 0D
1779553687333,74 34 35 39 38 30 30 30 30 30 30 30 30 30 30 30 30 30 30 30 30 0D
1779553687342,74 34 35 31 38 30 30 30 30 30 30 30 30 30 30 30 30 30 30 30 30 0D
1779553687347,74 34 35 38 38 34 38 30 33 30 30 30 30 30 30 30 30 30 30 30 30 0D
1779553687361,74 34 35 31 38 30 30 30 30 30 30 30 30 30 30 30 30 30 30 30 30 0D
1779553687365,74 34 35 30 38 30 30 30 30 30 37 30 30 30 30 30 30 31 34 30 33 0D
1779553687383,74 34 35 31 38 30 30 30 30 30 30 30 30 30 30 30 30 30 30 30 30 0D
1779553687399,74 34 35 31 38 30 30 30 30 30 30 30 30 30 30 30 30 30 30 30 30 0D
1779553687410,74 34 35 33 38 39 41 30 30 30 30 30 30 30 30 30 30 30 30 30 30 0D
1779553687418,74 34 35 37 38 30 30 30 30 30 30 30 30 36 34 31 34 30 31 30 30 0D
1779553687425,74 34 35 36 38 45 39 46 46 30 38 30 30 30 35 30 30 30 30 30 30 0D
1779553687434,74 34 35 39 38 30 30 30 30 30 30 30 30 30 30 30 30 30 30 30 30 0D
1779553687444,74 34 35 31 38 30 30 30 30 30 30 30 30 30 30 30 30 30 30 30 30 0D
1779553687462,74 34 35 31 38 30 30 30 30 30 30 30 30 30 30 30 30 30 30 30 30 0D
1779553687475,74 34 35 36 38 45 39 46 46 30 38 30 30 30 35 30 30 30 30 30 30 0D
1779553687482,74 34 35 31 38 30 30 30 30 30 30 30 30 30 30 30 30 30 30 30 30 0D
1779553687496,74 34 35 31 38 30 30 30 30 30 30 30 30 30 30 30 30 30 30 30 30 0D
1779553687504,74 34 35 35 38 45 43 46 46 30 37 30 30 39 46 46 46 30 30 30 30 0D
1779553687514,74 34 35 33 38 39 41 30 30 30 30 30 30 30 30 30 30 30 30 30 30 0D
1779553687522,74 34 35 31 38 30 30 30 30 30 30 30 30 30 30 30 30 30 30 30 30 0D
1779553687535,74 34 35 35 38 45 43 46 46 30 37 30 30 39 46 46 46 30 30 30 30 0D
1779553687537,74 34 35 31 38 30 30 30 30 30 30 30 30 30 30 30 30 30 30 30 30 0D
1779553687544,74 34 35 35 38 45 43 46 46 30 36 30 30 39 45 46 46 30 30 30 30 0D
1779553687559,74 34 35 31 38 30 30 30 30 30 30 30 30 30 30 30 30 30 30 30 30 0D
1779553687564,74 34 35 32 38 38 43 30 30 30 30 30 30 30 30 30 30 30 30 30 30 0D 74 34 35 35 38 45 43 46 46 30 36 30 30 39 45 46 46 30 30 30 30 0D
1779553687571,74 34 35 30 38 30 30 30 30 30 37 30 30 30 30 30 30 30 32 30 33 0D
1779553687588,74 34 35 31 38 30 30 30 30 30 30 30 30 30 30 30 30 30 30 30 30 0D
1779553687598,74 34 35 31 38 30 30 30 30 30 30 30 30 30 30 30 30 30 30 30 30 0D
1779553687604,74 34 35 35 38 45 43 46 46 30 36 30 30 39 45 46 46 30 30 30 30 0D
1779553687614,74 34 35 33 38 39 41 30 30 30 30 30 30 30 30 30 30 30 30 30 30 0D
1779553687624,74 34 35 31 38 30 30 30 30 30 30 30 30 30 30 30 30 30 30 30 30 0D
1779553687648,74 34 35 35 38 45 43 46 46 30 36 30 30 39 45 46 46 30 30 30 30 0D
1779553687657,74 34 35 31 38 30 30 30 30 30 30 30 30 30 30 30 30 30 30 30 30 0D
1779553687665,74 34 35 32 38 38 43 30 30 30 30 30 30 30 30 30 30 30 30 30 30 0D
1779553687670,74 34 35 30 38 30 30 30 30 30 37 30 30 30 30 30 30 30 32 30 33 0D
1779553687687,74 34 35 31 38 30 30 30 30 30 30 30 30 30 30 30 30 30 30 30 30 0D
1779553687699,74 34 35 31 38 30 30 30 30 30 30 30 30 30 30 30 30 30 30 30 30 0D
1779553687720,74 34 35 33 38 39 41 30 30 30 30 30 30 30 30 30 30 30 30 30 30 0D
1779553687728,74 34 35 39 38 30 30 30 30 30 30 30 30 30 30 30 30 30 30 30 30 0D
1779553687739,74 34 35 31 38 30 30 30 30 30 30 30 30 30 30 30 30 30 30 30 30 0D
1779553687746,74 34 35 35 38 45 44 46 46 30 36 30 30 39 44 46 46 30 30 30 30 0D
1779553687766,74 34 35 31 38 30 30 30 30 30 30 30 30 30 30 30 30 30 30 30 30 0D
1779553687776,74 34 35 30 38 30 30 30 30 30 37 30 30 30 30 30 30 30 32 30 33 0D
1779553687780,74 34 35 31 38 30 30 30 30 30 30 30 30 30 30 30 30 30 30 30 30 0D
1779553687807,74 34 35 31 38 30 30 30 30 30 30 30 30 30 30 30 30 30 30 30 30 0D
1779553687821,74 34 35 33 38 39 41 30 30 30 30 30 30 30 30 30 30 30 30 30 30 0D
1779553687828,74 34 35 39 38 30 30 30 30 30 30 30 30 30 30 30 30 30 30 30 30 0D
1779553687843,74 34 35 31 38 30 30 30 30 30 30 30 30 30 30 30 30 30 30 30 30 0D
1779553687865,74 34 35 31 38 30 30 30 30 30 30 30 30 30 30 30 30 30 30 30 30 0D
1779553687874,74 34 35 30 38 30 30 30 30 30 37 30 30 30 30 30 30 31 34 30 33 0D
1779553687877,74 34 35 31 38 30 30 30 30 30 30 30 30 30 30 30 30 30 30 30 30 0D
1779553687901,74 34 35 31 38 30 30 30 30 30 30 30 30 30 30 30 30 30 30 30 30 0D
1779553687910,74 34 35 35 38 45 44 46 46 30 36 30 30 39 44 46 46 30 30 30 30 0D
1779553687923,74 34 35 33 38 39 41 30 30 30 30 30 30 30 30 30 30 30 30 30 30 0D
1779553687939,74 34 35 31 38 30 30 30 30 30 30 30 30 30 30 30 30 30 30 30 30 0D
1779553687947,74 34 35 31 38 30 30 30 30 30 30 30 30 30 30 30 30 30 30 30 30 0D
1779553687965,74 34 35 31 38 30 30 30 30 30 30 30 30 30 30 30 30 30 30 30 30 0D
1779553687975,74 34 35 30 38 30 30 30 30 30 37 30 30 30 30 30 30 31 34 30 33 0D
1779553687981,74 34 35 31 38 30 30 30 30 30 30 30 30 30 30 30 30 30 30 30 30 0D
1779553687997,74 34 35 31 38 30 30 30 30 30 30 30 30 30 30 30 30 30 30 30 30 0D
1779553688004,74 34 35 35 38 45 44 46 46 30 36 30 30 39 45 46 46 30 30 30 30 0D
1779553688021,74 34 35 33 38 39 41 30 30 30 30 30 30 30 30 30 30 30 30 30 30 0D
1779553688030,74 34 35 31 38 30 30 30 30 30 30 30 30 30 30 30 30 30 30 30 30 0D
1779553688047,74 34 35 31 38 30 30 30 30 30 30 30 30 30 30 30 30 30 30 30 30 0D
1779553688064,74 34 35 31 38 30 30 30 30 30 30 30 30 30 30 30 30 30 30 30 30 0D
1779553688077,74 34 35 31 38 30 30 30 30 30 30 30 30 30 30 30 30 30 30 30 30 0D
1779553688089,74 34 35 36 38 45 39 46 46 30 38 30 30 30 36 30 30 30 30 30 30 0D
1779553688098,74 34 35 31 38 30 30 30 30 30 30 30 30 30 30 30 30 30 30 30 30 0D
1779553688107,74 34 35 35 38 45 44 46 46 30 36 30 30 39 45 46 46 30 30 30 30 0D
1779553688113,74 34 35 33 38 39 41 30 30 30 30 30 30 30 30 30 30 30 30 30 30 0D
1779553688122,74 34 35 31 38 30 30 30 30 30 30 30 30 30 30 30 30 30 30 30 30 0D
1779553688128,74 34 35 39 38 30 30 30 30 30 30 30 30 30 30 30 30 30 30 30 30 0D
1779553688140,74 34 35 31 38 30 30 30 30 30 30 30 30 30 30 30 30 30 30 30 30 0D
1779553688164,74 34 35 31 38 30 30 30 30 30 30 30 30 30 30 30 30 30 30 30 30 0D
1779553688174,74 34 35 37 38 30 30 30 30 30 30 30 30 36 34 31 34 30 30 30 30 0D
1779553688183,74 34 35 31 38 30 30 30 30 30 30 30 30 30 30 30 30 30 30 30 30 0D
1779553688204,74 34 35 31 38 30 30 30 30 30 30 30 30 30 30 30 30 30 30 30 30 0D
1779553688216,74 34 35 35 38 45 44 46 46 30 37 30 30 39 45 46 46 30 30 30 30 0D
1779553688222,74 34 35 31 38 30 30 30 30 30 30 30 30 30 30 30 30 30 30 30 30 0D
1779553688226,74 34 35 35 38 45 44 46 46 30 37 30 30 39 45 46 46 30 30 30 30 0D
1779553688233,74 34 35 39 38 30 30 30 30 30 30 30 30 30 30 30 30 30 30 30 30 0D
1779553688239,74 34 35 31 38 30 30 30 30 30 30 30 30 30 30 30 30 30 30 30 30 0D
1779553688263,74 34 35 31 38 30 30 30 30 30 30 30 30 30 30 30 30 30 30 30 30 0D 74 34 35 35 38 45 44 46 46 30 37 30 30 39 45 46 46 30 30 30 30 0D
1779553688278,74 34 35 30 38 30 30 30 30 30 37 30 30 30 30 30 30 31 34 30 33 0D
1779553688283,74 34 35 31 38 30 30 30 30 30 30 30 30 30 30 30 30 30 30 30 30 0D
1779553688305,74 34 35 31 38 30 30 30 30 30 30 30 30 30 30 30 30 30 30 30 30 0D
1779553688329,74 34 35 35 38 45 44 46 46 30 37 30 30 39 45 46 46 30 30 30 30 0D
1779553688344,74 34 35 31 38 30 30 30 30 30 30 30 30 30 30 30 30 30 30 30 30 0D
1779553688350,74 34 35 38 38 34 38 30 33 30 30 30 30 30 30 30 30 30 30 30 30 0D
1779553688358,74 34 35 31 38 30 30 30 30 30 30 30 30 30 30 30 30 30 30 30 30 0D
1779553688368,74 34 35 30 38 30 30 30 30 30 37 30 30 30 30 30 30 31 34 30 33 0D
1779553688376,74 34 35 31 38 30 30 30 30 30 30 30 30 30 30 30 30 30 30 30 30 0D
1779553688386,74 34 35 34 38 30 31 30 30 30 30 30 30 30 30 30 30 30 30 30 30 0D
1779553688396,74 34 35 31 38 30 30 30 30 30 30 30 30 30 30 30 30 30 30 30 30 0D
1779553688404,74 34 35 35 38 45 44 46 46 30 36 30 30 39 45 46 46 30 30 30 30 0D
1779553688417,74 34 35 33 38 39 41 30 30 30 30 30 30 30 30 30 30 30 30 30 30 0D
1779553688429,74 34 35 31 38 30 30 30 30 30 30 30 30 30 30 30 30 30 30 30 30 0D
1779553688433,74 34 35 39 38 30 30 30 30 30 30 30 30 30 30 30 30 30 30 30 30 0D
1779553688442,74 34 35 31 38 30 30 30 30 30 30 30 30 30 30 30 30 30 30 30 30 0D
1779553688457,74 34 35 31 38 30 30 30 30 30 30 30 30 30 30 30 30 30 30 30 30 0D
1779553688471,74 34 35 30 38 30 30 30 30 30 37 30 30 30 30 30 30 30 32 30 33 0D
1779553688478,74 34 35 31 38 30 30 30 30 30 30 30 30 30 30 30 30 30 30 30 30 0D
1779553688492,74 34 35 34 38 30 31 30 30 30 30 30 30 30 30 30 30 30 30 30 30 0D 74 34 35 36 38 45 39 46 46 30 38 30 30 30 36 30 30 30 30 30 30 0D
1779553688501,74 34 35 31 38 30 30 30 30 30 30 30 30 30 30 30 30 30 30 30 30 0D 74 34 35 36 38 45 39 46 46 30 38 30 30 30 36 30 30 30 30 30 30 0D
1779553688510,74 34 35 33 38 39 41 30 30 30 30 30 30 30 30 30 30 30 30 30 30 0D
1779553688521,74 34 35 31 38 30 30 30 30 30 30 30 30 30 30 30 30 30 30 30 30 0D
1779553688535,74 34 35 35 38 45 44 46 46 30 36 30 30 39 45 46 46 30 30 30 30 0D
1779553688545,74 34 35 31 38 30 30 30 30 30 30 30 30 30 30 30 30 30 30 30 30 0D
